1.640000000000000069e-01 -2.181000000000000050e+00 3.130000000000000004e-01 9.599999999999999645e-01
2.670000000000000151e-01 -2.666999999999999815e+00 1.316999999999999948e+00 9.599999999999999645e-01
2.010000000000000120e-01 -2.786999999999999922e+00 8.070000000000000506e-01 9.599999999999999645e-01
1.549999999999999989e-01 -3.930000000000000160e-01 6.520000000000000240e-01 9.599999999999999645e-01
1.920000000000000040e-01 -1.604999999999999982e+00 1.401000000000000023e+00 9.599999999999999645e-01
2.389999999999999902e-01 -1.848000000000000087e+00 9.619999999999999662e-01 9.599999999999999645e-01
1.729999999999999871e-01 -4.229999999999999871e-01 1.231000000000000094e+00 9.599999999999999645e-01
1.449999999999999900e-01 -2.210999999999999854e+00 1.302999999999999936e+00 9.599999999999999645e-01
2.760000000000000231e-01 -8.489999999999999769e-01 1.429000000000000048e+00 9.599999999999999645e-01
1.360000000000000098e-01 -2.483999999999999986e+00 1.034000000000000030e+00 9.599999999999999645e-01
2.949999999999999845e-01 -1.877999999999999892e+00 1.000000000000000056e-01 9.599999999999999645e-01
2.859999999999999765e-01 -1.272000000000000020e+00 1.104000000000000092e+00 9.599999999999999645e-01
2.210000000000000020e-01 -1.485000000000000098e+00 6.660000000000000364e-01 9.599999999999999645e-01
2.109999999999999931e-01 -3.330000000000000182e-01 3.410000000000000253e-01 9.599999999999999645e-01
2.580000000000000071e-01 -1.395000000000000018e+00 2.409999999999999920e-01 9.599999999999999645e-01
2.489999999999999991e-01 -2.726999999999999869e+00 3.689999999999999947e-01 9.599999999999999645e-01
