2.204544999999999959e+02 2.662986833855798799e-12
3.207576000000000249e+02 9.717457053291534207e-13
4.210606000000000222e+02 9.852910344827584769e-13
5.213636000000000195e+02 7.712690909090906824e-13
6.216666999999999916e+02 7.139785579937302826e-13
7.219696999999999889e+02 6.831633855799372204e-13
8.222726999999999862e+02 4.662652037617553446e-13
9.225757999999999583e+02 4.142647021943572708e-13
1.022879000000000019e+03 5.085094670846393704e-13
1.123182000000000016e+03 4.536850156739811273e-13
1.223484999999999900e+03 4.539171159874607595e-13
1.323788000000000011e+03 4.493291536050156062e-13
1.424090999999999894e+03 3.964097805642632323e-13
1.524394000000000005e+03 5.421513479623823681e-13
1.624696999999999889e+03 5.786416300940437492e-13
1.725000000000000000e+03 3.891152351097177714e-13
1.825303000000000111e+03 3.518288401253917589e-13
1.925605999999999995e+03 3.431631347962381583e-13
2.025909000000000106e+03 3.353336677115986800e-13
2.126211999999999989e+03 2.704968025078369108e-13
2.226514999999999873e+03 3.170363636363635504e-13
2.326818000000000211e+03 2.691763009404388291e-13
2.427121000000000095e+03 2.252318495297805103e-13
2.527423999999999978e+03 2.181836990595610754e-13
2.627726999999999862e+03 2.319979937304074962e-13
2.728030000000000200e+03 2.053146081504701957e-13
2.828333000000000084e+03 1.834057680250783326e-13
2.928635999999999967e+03 1.653075862068965285e-13
3.028938999999999851e+03 1.568105329153604644e-13
3.129242000000000189e+03 1.558647021943573318e-13
3.229545000000000073e+03 1.517400626959247290e-13
3.329847999999999956e+03 1.327495924764890136e-13
3.430152000000000044e+03 1.293526018808777096e-13
3.530454999999999927e+03 1.092458934169278846e-13
3.630757999999999811e+03 9.641321630094041793e-14
3.731061000000000149e+03 9.197488401253916755e-14
3.831364000000000033e+03 8.694317241379309077e-14
3.931666999999999916e+03 8.118910344827584787e-14
4.031969999999999800e+03 7.161087147335421737e-14
4.132273000000000138e+03 7.408096551724136097e-14
4.232576000000000022e+03 6.098640752351095224e-14
4.332878999999999905e+03 5.301533542319748180e-14
4.433181999999999789e+03 4.953354231974920951e-14
4.533484999999999673e+03 4.496616927899685773e-14
4.633787999999999556e+03 4.312115360501566356e-14
4.734091000000000349e+03 3.785053291536049092e-14
4.834394000000000233e+03 3.370489028213165447e-14
4.934697000000000116e+03 2.968555485893416655e-14
5.035000000000000000e+03 2.947390595611285009e-14
5.135302999999999884e+03 2.559656426332287734e-14
5.235605999999999767e+03 2.321196238244513726e-14
5.335908999999999651e+03 1.909286520376175170e-14
5.436212000000000444e+03 1.842619435736677022e-14
5.536515000000000327e+03 1.662994357366771091e-14
5.636818000000000211e+03 1.412240752351097012e-14
5.737121000000000095e+03 1.298574294670846183e-14
5.837423999999999978e+03 1.089858181818181539e-14
5.937726999999999862e+03 9.938606896551723082e-15
6.038029999999999745e+03 9.150894043887145976e-15
6.138332999999999629e+03 8.039217554858933675e-15
6.238636000000000422e+03 7.076828840125390695e-15
6.338939000000000306e+03 6.221509717868337348e-15
6.439242000000000189e+03 5.291142319749215403e-15
6.539545000000000073e+03 4.632408777429466067e-15
6.639847999999999956e+03 4.439519749216300663e-15
6.740152000000000044e+03 3.612788714733541241e-15
6.840454999999999927e+03 3.358934169278996488e-15
6.940757999999999811e+03 2.626664576802507265e-15
7.041060999999999694e+03 2.390135423197491740e-15
7.141363999999999578e+03 2.099370532915360052e-15
7.241667000000000371e+03 2.038840125391849093e-15
7.341970000000000255e+03 1.631636363636363292e-15
7.442273000000000138e+03 1.634618181818181462e-15
7.542576000000000022e+03 1.438808777429466987e-15
7.642878999999999905e+03 1.163363761755485648e-15
7.743181999999999789e+03 1.109185078369905795e-15
7.843484999999999673e+03 8.326349843260187120e-16
7.943787999999999556e+03 9.984510344827583941e-16
8.044091000000000349e+03 7.182163009404386930e-16
8.144394000000000233e+03 7.209944827586206410e-16
8.244697000000000116e+03 5.181576175548588247e-16
8.345000000000000000e+03 6.367709090909090261e-16
8.445302999999999884e+03 4.747220062695923314e-16
8.545605999999999767e+03 5.366812539184952136e-16
8.645908999999999651e+03 3.521828213166143439e-16
8.746211999999999534e+03 4.464976802507835966e-16
8.846514999999999418e+03 4.251301567398118604e-16
8.946817999999999302e+03 3.268001253918494796e-16
9.047120999999999185e+03 3.775447021943572808e-16
9.147424000000000888e+03 2.432272100313479218e-16
9.247727000000000771e+03 3.330038871473353222e-16
9.348030000000000655e+03 2.241915987460814404e-16
9.448333000000000538e+03 2.991592476489027725e-16
9.548636000000000422e+03 1.848799999999999838e-16
9.648939000000000306e+03 2.887691536050156103e-16
9.749242000000000189e+03 1.683826959247648706e-16
9.849545000000000073e+03 2.622610658307209723e-16
9.949847999999999956e+03 2.135875862068965183e-16
