#  O_m    O_de   w0_de  w1_de  h_100  O_b    O_nu   Neffnu sig_8  n_s nonlinear transfer growth de_param normmode
#  0.260  0.740 -1.000  0.000  0.720  0.046  0.000  0.000  0.798  0.960 smith03(2) eisenhu_osc(2) growth_de(1) linder(1) 0
# Nzbin = 1
# nofz0
#     5
#  Nnz0 
#     2
#  pnz0   pnz1      
# 2.000  2.000     
# Mean redshift = 2.000
# (s)tomo = (tomo_all)0 (s)reduced=(none)0 q_mag_size=0
# Shear cross-power spectra for 1 z-bin
# l            P_k^00(l)       P_g1^00(l)   
1.000000e-02   7.422631e-13    0.000000e+00
1.500000e-02   1.650850e-12    0.000000e+00
2.250000e-02   3.678276e-12    0.000000e+00
3.375000e-02   8.215505e-12    0.000000e+00
5.062500e-02   1.840618e-11    0.000000e+00
7.593750e-02   4.139808e-11    0.000000e+00
1.139063e-01   9.352986e-11    0.000000e+00
1.708594e-01   2.123455e-10    0.000000e+00
2.562891e-01   4.849555e-10    0.000000e+00
3.844336e-01   1.115783e-09    0.000000e+00
5.766504e-01   2.589845e-09    0.000000e+00
8.649756e-01   6.066066e-09    0.000000e+00
1.297463e+00   1.437716e-08    0.000000e+00
1.946195e+00   3.468633e-08    0.000000e+00
2.919293e+00   8.450378e-08    0.000000e+00
4.378939e+00   2.044548e-07    0.000000e+00
6.568408e+00   4.871920e-07    0.000000e+00
9.852613e+00   1.121229e-06    0.000000e+00
1.477892e+01   2.448412e-06    0.000000e+00
2.216838e+01   4.976672e-06    0.000000e+00
3.325257e+01   9.231468e-06    0.000000e+00
4.987885e+01   1.543885e-05    0.000000e+00
7.481828e+01   2.352514e-05    0.000000e+00
1.122274e+02   3.377731e-05    0.000000e+00
1.683411e+02   4.561197e-05    0.000000e+00
2.525117e+02   5.678054e-05    0.000000e+00
3.787675e+02   7.008344e-05    0.000000e+00
5.681513e+02   8.698901e-05    0.000000e+00
8.522269e+02   1.114220e-04    0.000000e+00
1.278340e+03   1.467643e-04    0.000000e+00
1.917511e+03   1.939657e-04    0.000000e+00
2.876266e+03   2.490447e-04    0.000000e+00
4.314399e+03   3.016598e-04    0.000000e+00
6.471598e+03   3.378956e-04    0.000000e+00
9.707397e+03   3.463760e-04    0.000000e+00
1.456110e+04   3.254294e-04    0.000000e+00
2.184164e+04   2.837529e-04    0.000000e+00
3.276247e+04   2.342187e-04    0.000000e+00
4.914370e+04   1.869905e-04    0.000000e+00
7.371555e+04   1.462561e-04    0.000000e+00
1.105733e+05   1.131353e-04    0.000000e+00
1.658600e+05   8.700806e-05    0.000000e+00
2.487900e+05   6.684221e-05    0.000000e+00
3.731850e+05   5.132404e-05    0.000000e+00
