#  O_m    O_de   w0_de  w1_de  h_100  O_b    O_nu   Neffnu sig_8  n_s nonlinear transfer growth de_param normmode
#  0.260  0.740 -1.000  0.000  0.720  0.046  0.000  0.000  0.850  0.960 smith03(2) eisenhu_osc(2) growth_de(1) linder(1) 0
# Nzbin = 1
# nofz0
#     5
#  Nnz0 
#     2
#  pnz0   pnz1      
# 2.000  2.000     
# Mean redshift = 2.000
# (s)tomo = (tomo_all)0 (s)reduced=(none)0 q_mag_size=0
# Shear cross-power spectra for 1 z-bin
# l            P_k^00(l)       P_g1^00(l)   
1.000000e-02   8.421457e-13    0.000000e+00
1.500000e-02   1.872991e-12    0.000000e+00
2.250000e-02   4.173211e-12    0.000000e+00
3.375000e-02   9.320892e-12    0.000000e+00
5.062500e-02   2.088250e-11    0.000000e+00
7.593750e-02   4.696700e-11    0.000000e+00
1.139063e-01   1.061094e-10    0.000000e+00
1.708594e-01   2.408984e-10    0.000000e+00
2.562891e-01   5.501424e-10    0.000000e+00
3.844336e-01   1.265695e-09    0.000000e+00
5.766504e-01   2.937590e-09    0.000000e+00
8.649756e-01   6.879966e-09    0.000000e+00
1.297463e+00   1.630499e-08    0.000000e+00
1.946195e+00   3.933475e-08    0.000000e+00
2.919293e+00   9.581744e-08    0.000000e+00
4.378939e+00   2.318210e-07    0.000000e+00
6.568408e+00   5.523432e-07    0.000000e+00
9.852613e+00   1.271039e-06    0.000000e+00
1.477892e+01   2.775253e-06    0.000000e+00
2.216838e+01   5.640380e-06    0.000000e+00
3.325257e+01   1.046199e-05    0.000000e+00
4.987885e+01   1.749858e-05    0.000000e+00
7.481828e+01   2.667857e-05    0.000000e+00
1.122274e+02   3.836698e-05    0.000000e+00
1.683411e+02   5.200172e-05    0.000000e+00
2.525117e+02   6.520726e-05    0.000000e+00
3.787675e+02   8.141139e-05    0.000000e+00
5.681513e+02   1.025833e-04    0.000000e+00
8.522269e+02   1.333992e-04    0.000000e+00
1.278340e+03   1.776343e-04    0.000000e+00
1.917511e+03   2.357311e-04    0.000000e+00
2.876266e+03   3.018428e-04    0.000000e+00
4.314399e+03   3.626297e-04    0.000000e+00
6.471598e+03   4.015036e-04    0.000000e+00
9.707397e+03   4.063919e-04    0.000000e+00
1.456110e+04   3.775095e-04    0.000000e+00
2.184164e+04   3.265358e-04    0.000000e+00
3.276247e+04   2.684833e-04    0.000000e+00
4.914370e+04   2.142705e-04    0.000000e+00
7.371555e+04   1.679282e-04    0.000000e+00
1.105733e+05   1.303316e-04    0.000000e+00
1.658600e+05   1.006358e-04    0.000000e+00
2.487900e+05   7.764772e-05    0.000000e+00
3.731850e+05   5.989006e-05    0.000000e+00
