  0.714286E-04  0.142457E+08  0.142457E+08  0.186558E+08  0.186550E+08  0.000000E+00  0.142457E+08
  0.117766E-03  0.142439E+08  0.142439E+08  0.180850E+08  0.180829E+08  0.000000E+00  0.142439E+08
  0.194163E-03  0.142389E+08  0.142389E+08  0.166148E+08  0.166097E+08  0.000000E+00  0.142389E+08
  0.320121E-03  0.142256E+08  0.142256E+08  0.131675E+08  0.131561E+08  0.000000E+00  0.142256E+08
  0.527790E-03  0.141916E+08  0.141915E+08  0.694405E+07  0.692441E+07  0.000000E+00  0.141915E+08
  0.870178E-03  0.141100E+08  0.141099E+08  0.165828E+07  0.162789E+07  0.000000E+00  0.141100E+08
  0.143468E-02  0.139352E+08  0.139349E+08  0.686276E+06  0.664449E+06  0.000000E+00  0.139352E+08
  0.236539E-02  0.135955E+08  0.135947E+08  0.000000E+00  0.000000E+00  0.000000E+00  0.135953E+08
  0.389987E-02  0.129870E+08  0.129850E+08  0.000000E+00  0.000000E+00  0.000000E+00  0.129866E+08
  0.409982E-02  0.129067E+08  0.129044E+08  0.000000E+00  0.000000E+00  0.000000E+00  0.129063E+08
  0.431002E-02  0.128223E+08  0.128198E+08  0.000000E+00  0.000000E+00  0.000000E+00  0.128219E+08
  0.453100E-02  0.127337E+08  0.127310E+08  0.000000E+00  0.000000E+00  0.000000E+00  0.127332E+08
  0.476331E-02  0.126408E+08  0.126378E+08  0.000000E+00  0.000000E+00  0.000000E+00  0.126403E+08
  0.500753E-02  0.125435E+08  0.125402E+08  0.000000E+00  0.000000E+00  0.000000E+00  0.125429E+08
  0.526427E-02  0.124416E+08  0.124380E+08  0.000000E+00  0.000000E+00  0.000000E+00  0.124410E+08
  0.553418E-02  0.123351E+08  0.123311E+08  0.000000E+00  0.000000E+00  0.000000E+00  0.123344E+08
  0.581792E-02  0.122237E+08  0.122193E+08  0.000000E+00  0.000000E+00  0.000000E+00  0.122229E+08
  0.611621E-02  0.121074E+08  0.121025E+08  0.000000E+00  0.000000E+00  0.000000E+00  0.121065E+08
  0.642980E-02  0.119860E+08  0.119807E+08  0.000000E+00  0.000000E+00  0.000000E+00  0.119851E+08
  0.675946E-02  0.118594E+08  0.118536E+08  0.000000E+00  0.000000E+00  0.000000E+00  0.118584E+08
  0.710602E-02  0.117276E+08  0.117212E+08  0.000000E+00  0.000000E+00  0.000000E+00  0.117265E+08
  0.747036E-02  0.115903E+08  0.115834E+08  0.000000E+00  0.000000E+00  0.000000E+00  0.115891E+08
  0.785337E-02  0.114476E+08  0.114399E+08  0.000000E+00  0.000000E+00  0.000000E+00  0.114462E+08
  0.825602E-02  0.112991E+08  0.112908E+08  0.000000E+00  0.000000E+00  0.000000E+00  0.112976E+08
  0.867932E-02  0.111449E+08  0.111358E+08  0.000000E+00  0.000000E+00  0.000000E+00  0.111433E+08
  0.912431E-02  0.109849E+08  0.109749E+08  0.000000E+00  0.000000E+00  0.000000E+00  0.109831E+08
  0.959213E-02  0.108188E+08  0.108079E+08  0.000000E+00  0.000000E+00  0.000000E+00  0.108169E+08
  0.100839E-01  0.106467E+08  0.106348E+08  0.000000E+00  0.000000E+00  0.000000E+00  0.106446E+08
  0.106009E-01  0.104684E+08  0.104554E+08  0.000000E+00  0.000000E+00  0.000000E+00  0.104661E+08
  0.111445E-01  0.102838E+08  0.102696E+08  0.000000E+00  0.000000E+00  0.000000E+00  0.102813E+08
  0.117159E-01  0.100928E+08  0.100774E+08  0.000000E+00  0.000000E+00  0.000000E+00  0.100900E+08
  0.123165E-01  0.989534E+07  0.987860E+07  0.000000E+00  0.000000E+00  0.000000E+00  0.989237E+07
  0.129480E-01  0.969138E+07  0.967321E+07  0.000000E+00  0.000000E+00  0.000000E+00  0.968816E+07
  0.136119E-01  0.948086E+07  0.946116E+07  0.000000E+00  0.000000E+00  0.000000E+00  0.947737E+07
  0.143098E-01  0.926376E+07  0.924244E+07  0.000000E+00  0.000000E+00  0.000000E+00  0.925998E+07
  0.150434E-01  0.904008E+07  0.901706E+07  0.000000E+00  0.000000E+00  0.000000E+00  0.903600E+07
  0.158147E-01  0.880988E+07  0.878507E+07  0.000000E+00  0.000000E+00  0.000000E+00  0.880548E+07
  0.166256E-01  0.857326E+07  0.854657E+07  0.000000E+00  0.000000E+00  0.000000E+00  0.856852E+07
  0.174780E-01  0.833038E+07  0.830173E+07  0.000000E+00  0.000000E+00  0.000000E+00  0.832529E+07
  0.183741E-01  0.808146E+07  0.805080E+07  0.000000E+00  0.000000E+00  0.000000E+00  0.807602E+07
  0.193162E-01  0.782682E+07  0.779410E+07  0.000000E+00  0.000000E+00  0.000000E+00  0.782102E+07
  0.203065E-01  0.756688E+07  0.753208E+07  0.000000E+00  0.000000E+00  0.000000E+00  0.756071E+07
  0.213477E-01  0.730218E+07  0.726529E+07  0.000000E+00  0.000000E+00  0.000000E+00  0.729563E+07
  0.224422E-01  0.703337E+07  0.699442E+07  0.000000E+00  0.000000E+00  0.000000E+00  0.702646E+07
  0.235928E-01  0.676127E+07  0.672034E+07  0.000000E+00  0.000000E+00  0.000000E+00  0.675401E+07
  0.248025E-01  0.648687E+07  0.644406E+07  0.000000E+00  0.000000E+00  0.000000E+00  0.647928E+07
  0.260741E-01  0.621132E+07  0.616679E+07  0.000000E+00  0.000000E+00  0.000000E+00  0.620342E+07
  0.274110E-01  0.593598E+07  0.588994E+07  0.000000E+00  0.000000E+00  0.000000E+00  0.592781E+07
  0.288163E-01  0.566237E+07  0.561509E+07  0.000000E+00  0.000000E+00  0.000000E+00  0.565399E+07
  0.302938E-01  0.539223E+07  0.534404E+07  0.000000E+00  0.000000E+00  0.000000E+00  0.538368E+07
  0.318470E-01  0.512743E+07  0.507873E+07  0.000000E+00  0.000000E+00  0.000000E+00  0.511879E+07
  0.334798E-01  0.490434E+07  0.485557E+07  0.000000E+00  0.000000E+00  0.000000E+00  0.489569E+07
  0.351964E-01  0.465686E+07  0.460853E+07  0.000000E+00  0.000000E+00  0.000000E+00  0.464829E+07
  0.370009E-01  0.441936E+07  0.437203E+07  0.000000E+00  0.000000E+00  0.000000E+00  0.441097E+07
  0.388980E-01  0.419510E+07  0.414935E+07  0.000000E+00  0.000000E+00  0.000000E+00  0.418699E+07
  0.408923E-01  0.398593E+07  0.394233E+07  0.000000E+00  0.000000E+00  0.000000E+00  0.397819E+07
  0.429889E-01  0.377057E+07  0.372971E+07  0.000000E+00  0.000000E+00  0.000000E+00  0.376332E+07
  0.451930E-01  0.359284E+07  0.355521E+07  0.000000E+00  0.000000E+00  0.000000E+00  0.358617E+07
  0.475101E-01  0.343031E+07  0.339630E+07  0.000000E+00  0.000000E+00  0.000000E+00  0.342427E+07
  0.499460E-01  0.328144E+07  0.325132E+07  0.000000E+00  0.000000E+00  0.000000E+00  0.327610E+07
  0.525068E-01  0.315800E+07  0.313183E+07  0.000000E+00  0.000000E+00  0.000000E+00  0.315335E+07
  0.551989E-01  0.303099E+07  0.300865E+07  0.000000E+00  0.000000E+00  0.000000E+00  0.302702E+07
  0.591671E-01  0.286340E+07  0.284573E+07  0.000000E+00  0.000000E+00  0.000000E+00  0.286027E+07
  0.631354E-01  0.269891E+07  0.268448E+07  0.000000E+00  0.000000E+00  0.000000E+00  0.269635E+07
  0.671036E-01  0.254840E+07  0.253569E+07  0.000000E+00  0.000000E+00  0.000000E+00  0.254614E+07
  0.710719E-01  0.239692E+07  0.238460E+07  0.000000E+00  0.000000E+00  0.000000E+00  0.239473E+07
  0.750402E-01  0.224684E+07  0.223391E+07  0.000000E+00  0.000000E+00  0.000000E+00  0.224454E+07
  0.790084E-01  0.209330E+07  0.207920E+07  0.000000E+00  0.000000E+00  0.000000E+00  0.209080E+07
  0.829767E-01  0.194654E+07  0.193116E+07  0.000000E+00  0.000000E+00  0.000000E+00  0.194381E+07
  0.869449E-01  0.181227E+07  0.179588E+07  0.000000E+00  0.000000E+00  0.000000E+00  0.180936E+07
  0.909132E-01  0.169414E+07  0.167730E+07  0.000000E+00  0.000000E+00  0.000000E+00  0.169115E+07
  0.948814E-01  0.159355E+07  0.157693E+07  0.000000E+00  0.000000E+00  0.000000E+00  0.159060E+07
  0.988497E-01  0.151017E+07  0.149443E+07  0.000000E+00  0.000000E+00  0.000000E+00  0.150738E+07
  0.102818E+00  0.144241E+07  0.142808E+07  0.000000E+00  0.000000E+00  0.000000E+00  0.143987E+07
  0.106786E+00  0.138755E+07  0.137494E+07  0.000000E+00  0.000000E+00  0.000000E+00  0.138531E+07
  0.110754E+00  0.134180E+07  0.133099E+07  0.000000E+00  0.000000E+00  0.000000E+00  0.133988E+07
  0.114723E+00  0.130090E+07  0.129173E+07  0.000000E+00  0.000000E+00  0.000000E+00  0.129927E+07
  0.118691E+00  0.126101E+07  0.125314E+07  0.000000E+00  0.000000E+00  0.000000E+00  0.125961E+07
  0.122659E+00  0.121951E+07  0.121252E+07  0.000000E+00  0.000000E+00  0.000000E+00  0.121827E+07
  0.126627E+00  0.117522E+07  0.116864E+07  0.000000E+00  0.000000E+00  0.000000E+00  0.117406E+07
  0.130596E+00  0.112803E+07  0.112145E+07  0.000000E+00  0.000000E+00  0.000000E+00  0.112686E+07
  0.134564E+00  0.107860E+07  0.107172E+07  0.000000E+00  0.000000E+00  0.000000E+00  0.107738E+07
  0.138532E+00  0.102830E+07  0.102098E+07  0.000000E+00  0.000000E+00  0.000000E+00  0.102700E+07
  0.142500E+00  0.979144E+06  0.971358E+06  0.000000E+00  0.000000E+00  0.000000E+00  0.977763E+06
  0.146469E+00  0.933313E+06  0.925176E+06  0.000000E+00  0.000000E+00  0.000000E+00  0.931869E+06
  0.150437E+00  0.892454E+06  0.884165E+06  0.000000E+00  0.000000E+00  0.000000E+00  0.890983E+06
  0.154405E+00  0.857233E+06  0.849034E+06  0.000000E+00  0.000000E+00  0.000000E+00  0.855778E+06
  0.158373E+00  0.827441E+06  0.819565E+06  0.000000E+00  0.000000E+00  0.000000E+00  0.826044E+06
  0.162342E+00  0.802399E+06  0.795034E+06  0.000000E+00  0.000000E+00  0.000000E+00  0.801092E+06
  0.166310E+00  0.781213E+06  0.774476E+06  0.000000E+00  0.000000E+00  0.000000E+00  0.780018E+06
  0.170278E+00  0.762765E+06  0.756690E+06  0.000000E+00  0.000000E+00  0.000000E+00  0.761688E+06
  0.174247E+00  0.745714E+06  0.740254E+06  0.000000E+00  0.000000E+00  0.000000E+00  0.744746E+06
  0.178215E+00  0.728734E+06  0.723778E+06  0.000000E+00  0.000000E+00  0.000000E+00  0.727855E+06
  0.182183E+00  0.710870E+06  0.706269E+06  0.000000E+00  0.000000E+00  0.000000E+00  0.710054E+06
  0.186151E+00  0.691711E+06  0.687305E+06  0.000000E+00  0.000000E+00  0.000000E+00  0.690930E+06
  0.190120E+00  0.671304E+06  0.666946E+06  0.000000E+00  0.000000E+00  0.000000E+00  0.670531E+06
  0.194088E+00  0.649968E+06  0.645548E+06  0.000000E+00  0.000000E+00  0.000000E+00  0.649184E+06
  0.198056E+00  0.628223E+06  0.623676E+06  0.000000E+00  0.000000E+00  0.000000E+00  0.627416E+06
  0.202024E+00  0.606750E+06  0.602063E+06  0.000000E+00  0.000000E+00  0.000000E+00  0.605918E+06
  0.205993E+00  0.586308E+06  0.581512E+06  0.000000E+00  0.000000E+00  0.000000E+00  0.585457E+06
  0.218473E+00  0.533968E+06  0.529312E+06  0.000000E+00  0.000000E+00  0.000000E+00  0.533142E+06
  0.231710E+00  0.496316E+06  0.492454E+06  0.000000E+00  0.000000E+00  0.000000E+00  0.495631E+06
  0.245749E+00  0.461764E+06  0.458538E+06  0.000000E+00  0.000000E+00  0.000000E+00  0.461192E+06
  0.260638E+00  0.421138E+06  0.417960E+06  0.000000E+00  0.000000E+00  0.000000E+00  0.420574E+06
  0.276430E+00  0.382256E+06  0.379118E+06  0.000000E+00  0.000000E+00  0.000000E+00  0.381700E+06
  0.293178E+00  0.352351E+06  0.349627E+06  0.000000E+00  0.000000E+00  0.000000E+00  0.351868E+06
  0.310941E+00  0.324834E+06  0.322443E+06  0.000000E+00  0.000000E+00  0.000000E+00  0.324410E+06
  0.329781E+00  0.295561E+06  0.293250E+06  0.000000E+00  0.000000E+00  0.000000E+00  0.295151E+06
  0.349762E+00  0.270247E+06  0.268137E+06  0.000000E+00  0.000000E+00  0.000000E+00  0.269873E+06
  0.370953E+00  0.248191E+06  0.246321E+06  0.000000E+00  0.000000E+00  0.000000E+00  0.247859E+06
  0.393428E+00  0.226177E+06  0.224424E+06  0.000000E+00  0.000000E+00  0.000000E+00  0.225866E+06
  0.417265E+00  0.206711E+06  0.205121E+06  0.000000E+00  0.000000E+00  0.000000E+00  0.206428E+06
  0.442547E+00  0.188901E+06  0.187456E+06  0.000000E+00  0.000000E+00  0.000000E+00  0.188645E+06
  0.469360E+00  0.172192E+06  0.170864E+06  0.000000E+00  0.000000E+00  0.000000E+00  0.171956E+06
  0.497797E+00  0.157192E+06  0.155989E+06  0.000000E+00  0.000000E+00  0.000000E+00  0.156979E+06
  0.527958E+00  0.143232E+06  0.142130E+06  0.000000E+00  0.000000E+00  0.000000E+00  0.143037E+06
  0.559946E+00  0.130563E+06  0.129562E+06  0.000000E+00  0.000000E+00  0.000000E+00  0.130386E+06
  0.593872E+00  0.118898E+06  0.117985E+06  0.000000E+00  0.000000E+00  0.000000E+00  0.118736E+06
  0.629853E+00  0.108260E+06  0.107429E+06  0.000000E+00  0.000000E+00  0.000000E+00  0.108112E+06
  0.879031E+00  0.631172E+05  0.626332E+05  0.000000E+00  0.000000E+00  0.000000E+00  0.630314E+05
  0.122679E+01  0.363686E+05  0.360898E+05  0.000000E+00  0.000000E+00  0.000000E+00  0.363191E+05
  0.171212E+01  0.207444E+05  0.205854E+05  0.000000E+00  0.000000E+00  0.000000E+00  0.207162E+05
  0.238945E+01  0.117296E+05  0.116397E+05  0.000000E+00  0.000000E+00  0.000000E+00  0.117137E+05
  0.333475E+01  0.658228E+04  0.653182E+04  0.000000E+00  0.000000E+00  0.000000E+00  0.657333E+04
  0.465402E+01  0.366946E+04  0.364130E+04  0.000000E+00  0.000000E+00  0.000000E+00  0.366446E+04
  0.649521E+01  0.203381E+04  0.201818E+04  0.000000E+00  0.000000E+00  0.000000E+00  0.203104E+04
  0.906480E+01  0.112150E+04  0.111284E+04  0.000000E+00  0.000000E+00  0.000000E+00  0.111996E+04
  0.126509E+02  0.615619E+03  0.610827E+03  0.000000E+00  0.000000E+00  0.000000E+00  0.614769E+03
  0.176558E+02  0.336553E+03  0.333892E+03  0.000000E+00  0.000000E+00  0.000000E+00  0.336081E+03
  0.246407E+02  0.183308E+03  0.181814E+03  0.000000E+00  0.000000E+00  0.000000E+00  0.183043E+03
  0.343888E+02  0.994967E+02  0.986391E+02  0.000000E+00  0.000000E+00  0.000000E+00  0.993446E+02
  0.479935E+02  0.538239E+02  0.533107E+02  0.000000E+00  0.000000E+00  0.000000E+00  0.537329E+02
  0.669803E+02  0.290148E+02  0.286866E+02  0.000000E+00  0.000000E+00  0.000000E+00  0.289566E+02
  0.934785E+02  0.155777E+02  0.153482E+02  0.000000E+00  0.000000E+00  0.000000E+00  0.155370E+02
  0.130460E+03  0.831891E+01  0.814202E+01  0.000000E+00  0.000000E+00  0.000000E+00  0.828753E+01
  0.182071E+03  0.440803E+01  0.426038E+01  0.000000E+00  0.000000E+00  0.000000E+00  0.438184E+01
  0.254101E+03  0.230807E+01  0.217982E+01  0.000000E+00  0.000000E+00  0.000000E+00  0.228532E+01
