    0.10000E-03    0.44474E+03
    0.10202E-03    0.45336E+03
    0.10408E-03    0.46214E+03
    0.10618E-03    0.47109E+03
    0.10833E-03    0.48022E+03
    0.11052E-03    0.48952E+03
    0.11275E-03    0.49900E+03
    0.11503E-03    0.50867E+03
    0.11735E-03    0.51852E+03
    0.11972E-03    0.52856E+03
    0.12214E-03    0.53880E+03
    0.12461E-03    0.54924E+03
    0.12712E-03    0.55987E+03
    0.12969E-03    0.57072E+03
    0.13231E-03    0.58177E+03
    0.13499E-03    0.59303E+03
    0.13771E-03    0.60452E+03
    0.14049E-03    0.61622E+03
    0.14333E-03    0.62815E+03
    0.14623E-03    0.64031E+03
    0.14918E-03    0.65271E+03
    0.15220E-03    0.66534E+03
    0.15527E-03    0.67822E+03
    0.15841E-03    0.69135E+03
    0.16161E-03    0.70473E+03
    0.16487E-03    0.71836E+03
    0.16820E-03    0.73227E+03
    0.17160E-03    0.74643E+03
    0.17507E-03    0.76088E+03
    0.17860E-03    0.77560E+03
    0.18221E-03    0.79060E+03
    0.18589E-03    0.80589E+03
    0.18965E-03    0.82148E+03
    0.19348E-03    0.83737E+03
    0.19739E-03    0.85356E+03
    0.20138E-03    0.87007E+03
    0.20544E-03    0.88689E+03
    0.20959E-03    0.90404E+03
    0.21383E-03    0.92151E+03
    0.21815E-03    0.93933E+03
    0.22255E-03    0.95748E+03
    0.22705E-03    0.97598E+03
    0.23164E-03    0.99484E+03
    0.23632E-03    0.10141E+04
    0.24109E-03    0.10336E+04
    0.24596E-03    0.10536E+04
    0.25093E-03    0.10740E+04
    0.25600E-03    0.10947E+04
    0.26117E-03    0.11158E+04
    0.26645E-03    0.11374E+04
    0.27183E-03    0.11593E+04
    0.27732E-03    0.11817E+04
    0.28292E-03    0.12045E+04
    0.28864E-03    0.12277E+04
    0.29447E-03    0.12514E+04
    0.30042E-03    0.12755E+04
    0.30649E-03    0.13001E+04
    0.31268E-03    0.13251E+04
    0.31899E-03    0.13507E+04
    0.32544E-03    0.13767E+04
    0.33201E-03    0.14032E+04
    0.33872E-03    0.14302E+04
    0.34556E-03    0.14578E+04
    0.35254E-03    0.14858E+04
    0.35966E-03    0.15144E+04
    0.36693E-03    0.15435E+04
    0.37434E-03    0.15732E+04
    0.38190E-03    0.16034E+04
    0.38962E-03    0.16342E+04
    0.39749E-03    0.16656E+04
    0.40552E-03    0.16976E+04
    0.41371E-03    0.17302E+04
    0.42207E-03    0.17634E+04
    0.43060E-03    0.17972E+04
    0.43929E-03    0.18316E+04
    0.44817E-03    0.18667E+04
    0.45722E-03    0.19025E+04
    0.46646E-03    0.19389E+04
    0.47588E-03    0.19760E+04
    0.48550E-03    0.20138E+04
    0.49530E-03    0.20523E+04
    0.50531E-03    0.20915E+04
    0.51552E-03    0.21315E+04
    0.52593E-03    0.21722E+04
    0.53656E-03    0.22136E+04
    0.54739E-03    0.22558E+04
    0.55845E-03    0.22988E+04
    0.56973E-03    0.23426E+04
    0.58124E-03    0.23872E+04
    0.59299E-03    0.24326E+04
    0.60496E-03    0.24788E+04
    0.61719E-03    0.25259E+04
    0.62965E-03    0.25738E+04
    0.64237E-03    0.26227E+04
    0.65535E-03    0.26724E+04
    0.66859E-03    0.27230E+04
    0.68210E-03    0.27745E+04
    0.69588E-03    0.28270E+04
    0.70993E-03    0.28804E+04
    0.72427E-03    0.29347E+04
    0.73891E-03    0.29901E+04
    0.75383E-03    0.30464E+04
    0.76906E-03    0.31038E+04
    0.78460E-03    0.31621E+04
    0.80045E-03    0.32216E+04
    0.81662E-03    0.32820E+04
    0.83311E-03    0.33436E+04
    0.84994E-03    0.34062E+04
    0.86711E-03    0.34699E+04
    0.88463E-03    0.35348E+04
    0.90250E-03    0.36007E+04
    0.92073E-03    0.36679E+04
    0.93933E-03    0.37362E+04
    0.95831E-03    0.38057E+04
    0.97767E-03    0.38764E+04
    0.99742E-03    0.39483E+04
    0.10176E-02    0.40214E+04
    0.10381E-02    0.40958E+04
    0.10591E-02    0.41715E+04
    0.10805E-02    0.42485E+04
    0.11023E-02    0.43267E+04
    0.11246E-02    0.44063E+04
    0.11473E-02    0.44872E+04
    0.11705E-02    0.45694E+04
    0.11941E-02    0.46530E+04
    0.12182E-02    0.47380E+04
    0.12429E-02    0.48244E+04
    0.12680E-02    0.49123E+04
    0.12936E-02    0.50015E+04
    0.13197E-02    0.50922E+04
    0.13464E-02    0.51844E+04
    0.13736E-02    0.52780E+04
    0.14013E-02    0.53732E+04
    0.14296E-02    0.54698E+04
    0.14585E-02    0.55680E+04
    0.14880E-02    0.56678E+04
    0.15180E-02    0.57691E+04
    0.15487E-02    0.58720E+04
    0.15800E-02    0.59764E+04
    0.16119E-02    0.60825E+04
    0.16445E-02    0.61902E+04
    0.16777E-02    0.62995E+04
    0.17116E-02    0.64104E+04
    0.17462E-02    0.65230E+04
    0.17814E-02    0.66372E+04
    0.18174E-02    0.67532E+04
    0.18541E-02    0.68707E+04
    0.18916E-02    0.69900E+04
    0.19298E-02    0.71110E+04
    0.19688E-02    0.72336E+04
    0.20086E-02    0.73580E+04
    0.20491E-02    0.74841E+04
    0.20905E-02    0.76120E+04
    0.21328E-02    0.77415E+04
    0.21758E-02    0.78728E+04
    0.22198E-02    0.80059E+04
    0.22646E-02    0.81406E+04
    0.23104E-02    0.82772E+04
    0.23571E-02    0.84155E+04
    0.24047E-02    0.85555E+04
    0.24533E-02    0.86973E+04
    0.25028E-02    0.88408E+04
    0.25534E-02    0.89861E+04
    0.26050E-02    0.91331E+04
    0.26576E-02    0.92819E+04
    0.27113E-02    0.94323E+04
    0.27660E-02    0.95845E+04
    0.28219E-02    0.97383E+04
    0.28789E-02    0.98938E+04
    0.29371E-02    0.10051E+05
    0.29964E-02    0.10210E+05
    0.30569E-02    0.10370E+05
    0.31187E-02    0.10532E+05
    0.31817E-02    0.10696E+05
    0.32460E-02    0.10861E+05
    0.33115E-02    0.11028E+05
    0.33784E-02    0.11196E+05
    0.34467E-02    0.11366E+05
    0.35163E-02    0.11537E+05
    0.35874E-02    0.11710E+05
    0.36598E-02    0.11884E+05
    0.37338E-02    0.12059E+05
    0.38092E-02    0.12236E+05
    0.38861E-02    0.12414E+05
    0.39646E-02    0.12593E+05
    0.40447E-02    0.12774E+05
    0.41264E-02    0.12955E+05
    0.42098E-02    0.13138E+05
    0.42948E-02    0.13322E+05
    0.43816E-02    0.13506E+05
    0.44701E-02    0.13692E+05
    0.45604E-02    0.13878E+05
    0.46525E-02    0.14065E+05
    0.47465E-02    0.14253E+05
    0.48424E-02    0.14442E+05
    0.49402E-02    0.14631E+05
    0.50400E-02    0.14820E+05
    0.51419E-02    0.15010E+05
    0.52457E-02    0.15200E+05
    0.53517E-02    0.15391E+05
    0.54598E-02    0.15581E+05
    0.55701E-02    0.15772E+05
    0.56826E-02    0.15962E+05
    0.57974E-02    0.16152E+05
    0.59145E-02    0.16342E+05
    0.60340E-02    0.16532E+05
    0.61559E-02    0.16721E+05
    0.62803E-02    0.16909E+05
    0.64072E-02    0.17097E+05
    0.65366E-02    0.17284E+05
    0.66686E-02    0.17470E+05
    0.68033E-02    0.17654E+05
    0.69408E-02    0.17838E+05
    0.70810E-02    0.18019E+05
    0.72240E-02    0.18200E+05
    0.73700E-02    0.18378E+05
    0.75189E-02    0.18555E+05
    0.76708E-02    0.18729E+05
    0.78257E-02    0.18901E+05
    0.79838E-02    0.19071E+05
    0.81451E-02    0.19239E+05
    0.83096E-02    0.19403E+05
    0.84775E-02    0.19565E+05
    0.86488E-02    0.19723E+05
    0.88235E-02    0.19878E+05
    0.90017E-02    0.20030E+05
    0.91836E-02    0.20178E+05
    0.93691E-02    0.20322E+05
    0.95583E-02    0.20462E+05
    0.97514E-02    0.20597E+05
    0.99484E-02    0.20728E+05
    0.10149E-01    0.20854E+05
    0.10354E-01    0.20975E+05
    0.10564E-01    0.21091E+05
    0.10777E-01    0.21202E+05
    0.10995E-01    0.21306E+05
    0.11217E-01    0.21405E+05
    0.11443E-01    0.21498E+05
    0.11675E-01    0.21584E+05
    0.11910E-01    0.21663E+05
    0.12151E-01    0.21736E+05
    0.12397E-01    0.21802E+05
    0.12647E-01    0.21860E+05
    0.12902E-01    0.21910E+05
    0.13163E-01    0.21953E+05
    0.13429E-01    0.21988E+05
    0.13700E-01    0.22014E+05
    0.13977E-01    0.22032E+05
    0.14259E-01    0.22041E+05
    0.14547E-01    0.22041E+05
    0.14841E-01    0.22032E+05
    0.15141E-01    0.22013E+05
    0.15447E-01    0.21985E+05
    0.15759E-01    0.21947E+05
    0.16077E-01    0.21899E+05
    0.16402E-01    0.21841E+05
    0.16734E-01    0.21772E+05
    0.17072E-01    0.21694E+05
    0.17416E-01    0.21604E+05
    0.17768E-01    0.21504E+05
    0.18127E-01    0.21394E+05
    0.18493E-01    0.21273E+05
    0.18867E-01    0.21140E+05
    0.19248E-01    0.20997E+05
    0.19637E-01    0.20844E+05
    0.20034E-01    0.20679E+05
    0.20438E-01    0.20504E+05
    0.20851E-01    0.20319E+05
    0.21272E-01    0.20123E+05
    0.21702E-01    0.19916E+05
    0.22141E-01    0.19700E+05
    0.22588E-01    0.19474E+05
    0.23044E-01    0.19238E+05
    0.23510E-01    0.18994E+05
    0.23985E-01    0.18740E+05
    0.24469E-01    0.18479E+05
    0.24964E-01    0.18209E+05
    0.25468E-01    0.17932E+05
    0.25982E-01    0.17648E+05
    0.26507E-01    0.17358E+05
    0.27043E-01    0.17062E+05
    0.27589E-01    0.16760E+05
    0.28146E-01    0.16453E+05
    0.28715E-01    0.16145E+05
    0.29295E-01    0.15838E+05
    0.29887E-01    0.15525E+05
    0.30490E-01    0.15199E+05
    0.31106E-01    0.14867E+05
    0.31735E-01    0.14565E+05
    0.32376E-01    0.14319E+05
    0.33030E-01    0.14096E+05
    0.33697E-01    0.13845E+05
    0.34378E-01    0.13547E+05
    0.35072E-01    0.13232E+05
    0.35781E-01    0.12930E+05
    0.36504E-01    0.12641E+05
    0.37241E-01    0.12358E+05
    0.37993E-01    0.12080E+05
    0.38761E-01    0.11814E+05
    0.39544E-01    0.11567E+05
    0.40343E-01    0.11322E+05
    0.41158E-01    0.11059E+05
    0.41989E-01    0.10777E+05
    0.42838E-01    0.10509E+05
    0.43703E-01    0.10283E+05
    0.44586E-01    0.10091E+05
    0.45486E-01    0.99141E+04
    0.46405E-01    0.97396E+04
    0.47343E-01    0.95680E+04
    0.48299E-01    0.94013E+04
    0.49275E-01    0.92489E+04
    0.50270E-01    0.91222E+04
    0.51286E-01    0.90200E+04
    0.52322E-01    0.89220E+04
    0.53379E-01    0.88103E+04
    0.54457E-01    0.86889E+04
    0.55557E-01    0.85706E+04
    0.56680E-01    0.84601E+04
    0.57825E-01    0.83503E+04
    0.58993E-01    0.82335E+04
    0.60184E-01    0.81041E+04
    0.61400E-01    0.79655E+04
    0.62641E-01    0.78247E+04
    0.63906E-01    0.76874E+04
    0.65197E-01    0.75520E+04
    0.66514E-01    0.74114E+04
    0.67858E-01    0.72593E+04
    0.69229E-01    0.70950E+04
    0.70627E-01    0.69222E+04
    0.72054E-01    0.67441E+04
    0.73510E-01    0.65588E+04
    0.74994E-01    0.63617E+04
    0.76509E-01    0.61506E+04
    0.78055E-01    0.59302E+04
    0.79632E-01    0.57062E+04
    0.81241E-01    0.54828E+04
    0.82882E-01    0.52620E+04
    0.84556E-01    0.50458E+04
    0.86264E-01    0.48367E+04
    0.88007E-01    0.46371E+04
    0.89785E-01    0.44489E+04
    0.91598E-01    0.42733E+04
    0.93449E-01    0.41114E+04
    0.95337E-01    0.39639E+04
    0.97263E-01    0.38311E+04
    0.99227E-01    0.37131E+04
    0.10123E+00    0.36096E+04
    0.10328E+00    0.35198E+04
    0.10536E+00    0.34426E+04
    0.10749E+00    0.33760E+04
    0.10966E+00    0.33177E+04
    0.11188E+00    0.32648E+04
    0.11414E+00    0.32140E+04
    0.11644E+00    0.31619E+04
    0.11880E+00    0.31057E+04
    0.12120E+00    0.30427E+04
    0.12365E+00    0.29712E+04
    0.12614E+00    0.28902E+04
    0.12869E+00    0.27994E+04
    0.13129E+00    0.26993E+04
    0.13394E+00    0.25911E+04
    0.13665E+00    0.24769E+04
    0.13941E+00    0.23598E+04
    0.14223E+00    0.22433E+04
    0.14510E+00    0.21316E+04
    0.14803E+00    0.20282E+04
    0.15102E+00    0.19356E+04
    0.15407E+00    0.18549E+04
    0.15718E+00    0.17862E+04
    0.16036E+00    0.17286E+04
    0.16360E+00    0.16809E+04
    0.16690E+00    0.16412E+04
    0.17028E+00    0.16073E+04
    0.17371E+00    0.15757E+04
    0.17722E+00    0.15430E+04
    0.18080E+00    0.15060E+04
    0.18446E+00    0.14627E+04
    0.18818E+00    0.14126E+04
    0.19198E+00    0.13565E+04
    0.19586E+00    0.12957E+04
    0.19982E+00    0.12328E+04
    0.20386E+00    0.11708E+04
    0.20797E+00    0.11131E+04
    0.21218E+00    0.10621E+04
    0.21646E+00    0.10181E+04
    0.22083E+00    0.98153E+03
    0.22530E+00    0.95117E+03
    0.22985E+00    0.92473E+03
    0.23449E+00    0.90013E+03
    0.23923E+00    0.87529E+03
    0.24406E+00    0.84819E+03
    0.24899E+00    0.81726E+03
    0.25402E+00    0.78310E+03
    0.25915E+00    0.74757E+03
    0.26439E+00    0.71229E+03
    0.26973E+00    0.67890E+03
    0.27518E+00    0.64887E+03
    0.28074E+00    0.62322E+03
    0.28641E+00    0.60112E+03
    0.29219E+00    0.58111E+03
    0.29810E+00    0.56191E+03
    0.30412E+00    0.54251E+03
    0.31026E+00    0.52206E+03
    0.31653E+00    0.50011E+03
    0.32292E+00    0.47772E+03
    0.32945E+00    0.45624E+03
    0.33610E+00    0.43661E+03
    0.34289E+00    0.41880E+03
    0.34982E+00    0.40254E+03
    0.35689E+00    0.38752E+03
    0.36409E+00    0.37303E+03
    0.37145E+00    0.35839E+03
    0.37895E+00    0.34329E+03
    0.38661E+00    0.32829E+03
    0.39442E+00    0.31405E+03
    0.40239E+00    0.30090E+03
    0.41052E+00    0.28864E+03
    0.41881E+00    0.27697E+03
    0.42727E+00    0.26570E+03
    0.43590E+00    0.25474E+03
    0.44471E+00    0.24403E+03
    0.45369E+00    0.23356E+03
    0.46286E+00    0.22351E+03
    0.47221E+00    0.21401E+03
    0.48174E+00    0.20506E+03
    0.49148E+00    0.19651E+03
    0.50141E+00    0.18821E+03
    0.51153E+00    0.18012E+03
    0.52187E+00    0.17232E+03
    0.53241E+00    0.16489E+03
    0.54317E+00    0.15783E+03
    0.55414E+00    0.15109E+03
    0.56533E+00    0.14458E+03
    0.57675E+00    0.13831E+03
    0.58840E+00    0.13227E+03
    0.60029E+00    0.12651E+03
    0.61242E+00    0.12100E+03
    0.62479E+00    0.11573E+03
    0.63741E+00    0.11068E+03
    0.65029E+00    0.10584E+03
    0.66342E+00    0.10119E+03
    0.67683E+00    0.96739E+02
    0.69050E+00    0.92472E+02
    0.70445E+00    0.88382E+02
    0.71868E+00    0.84464E+02
    0.73320E+00    0.80711E+02
    0.74801E+00    0.77116E+02
    0.76312E+00    0.73674E+02
    0.77854E+00    0.70379E+02
    0.79426E+00    0.67225E+02
    0.81031E+00    0.64206E+02
    0.82668E+00    0.61317E+02
    0.84338E+00    0.58553E+02
    0.86041E+00    0.55909E+02
    0.87780E+00    0.53381E+02
    0.89553E+00    0.50962E+02
    0.91362E+00    0.48650E+02
    0.93208E+00    0.46439E+02
    0.95091E+00    0.44325E+02
    0.97011E+00    0.42305E+02
    0.98971E+00    0.40373E+02
    0.10097E+01    0.38527E+02
    0.10301E+01    0.36762E+02
    0.10509E+01    0.35075E+02
    0.10721E+01    0.33464E+02
    0.10938E+01    0.31924E+02
    0.11159E+01    0.30452E+02
    0.11384E+01    0.29047E+02
    0.11614E+01    0.27704E+02
    0.11849E+01    0.26421E+02
    0.12088E+01    0.25195E+02
    0.12333E+01    0.24025E+02
    0.12582E+01    0.22907E+02
    0.12836E+01    0.21840E+02
    0.13095E+01    0.20821E+02
    0.13360E+01    0.19848E+02
    0.13630E+01    0.18919E+02
    0.13905E+01    0.18032E+02
    0.14186E+01    0.17186E+02
    0.14472E+01    0.16378E+02
    0.14765E+01    0.15607E+02
    0.15063E+01    0.14872E+02
    0.15367E+01    0.14170E+02
    0.15678E+01    0.13500E+02
    0.15994E+01    0.12861E+02
    0.16318E+01    0.12252E+02
    0.16647E+01    0.11671E+02
    0.16984E+01    0.11116E+02
    0.17327E+01    0.10588E+02
    0.17677E+01    0.10083E+02
    0.18034E+01    0.96027E+01
    0.18398E+01    0.91443E+01
    0.18770E+01    0.87072E+01
    0.19149E+01    0.82906E+01
    0.19536E+01    0.78934E+01
    0.19930E+01    0.75148E+01
    0.20333E+01    0.71540E+01
    0.20744E+01    0.68100E+01
    0.21163E+01    0.64823E+01
    0.21590E+01    0.61699E+01
    0.22026E+01    0.58723E+01
    0.22471E+01    0.55887E+01
    0.22925E+01    0.53185E+01
    0.23388E+01    0.50611E+01
    0.23861E+01    0.48159E+01
    0.24343E+01    0.45824E+01
    0.24835E+01    0.43599E+01
    0.25336E+01    0.41480E+01
    0.25848E+01    0.39461E+01
    0.26370E+01    0.37539E+01
    0.26903E+01    0.35709E+01
    0.27447E+01    0.33966E+01
    0.28001E+01    0.32307E+01
    0.28567E+01    0.30727E+01
    0.29144E+01    0.29223E+01
    0.29733E+01    0.27791E+01
    0.30333E+01    0.26428E+01
    0.30946E+01    0.25131E+01
    0.31571E+01    0.23896E+01
    0.32209E+01    0.22721E+01
    0.32860E+01    0.21602E+01
    0.33523E+01    0.20538E+01
    0.34201E+01    0.19525E+01
    0.34892E+01    0.18561E+01
    0.35596E+01    0.17644E+01
    0.36316E+01    0.16771E+01
    0.37049E+01    0.15941E+01
    0.37798E+01    0.15151E+01
    0.38561E+01    0.14400E+01
    0.39340E+01    0.13685E+01
    0.40135E+01    0.13006E+01
    0.40946E+01    0.12359E+01
    0.41773E+01    0.11744E+01
    0.42617E+01    0.11160E+01
    0.43478E+01    0.10603E+01
    0.44356E+01    0.10075E+01
    0.45252E+01    0.95717E+00
    0.46166E+01    0.90936E+00
    0.47099E+01    0.86390E+00
    0.48050E+01    0.82067E+00
    0.49021E+01    0.77958E+00
    0.50011E+01    0.74051E+00
    0.51021E+01    0.70338E+00
    0.52052E+01    0.66808E+00
    0.53104E+01    0.63452E+00
    0.54176E+01    0.60263E+00
    0.55271E+01    0.57231E+00
    0.56387E+01    0.54351E+00
    0.57526E+01    0.51613E+00
    0.58689E+01    0.49011E+00
    0.59874E+01    0.46538E+00
    0.61084E+01    0.44189E+00
    0.62318E+01    0.41956E+00
    0.63577E+01    0.39835E+00
    0.64861E+01    0.37820E+00
    0.66171E+01    0.35905E+00
    0.67508E+01    0.34086E+00
    0.68872E+01    0.32359E+00
    0.70263E+01    0.30717E+00
    0.71682E+01    0.29158E+00
    0.73130E+01    0.27677E+00
    0.74608E+01    0.26270E+00
    0.76115E+01    0.24934E+00
    0.77653E+01    0.23665E+00
    0.79221E+01    0.22460E+00
    0.80822E+01    0.21315E+00
    0.82454E+01    0.20228E+00
    0.84120E+01    0.19196E+00
    0.85819E+01    0.18216E+00
    0.87553E+01    0.17285E+00
    0.89322E+01    0.16402E+00
    0.91126E+01    0.15563E+00
    0.92967E+01    0.14766E+00
    0.94845E+01    0.14010E+00
    0.96761E+01    0.13292E+00
    0.98716E+01    0.12610E+00
    0.10071E+02    0.11963E+00
    0.10274E+02    0.11349E+00
    0.10482E+02    0.10766E+00
    0.10694E+02    0.10213E+00
    0.10910E+02    0.96879E-01
    0.11130E+02    0.91894E-01
    0.11355E+02    0.87163E-01
    0.11584E+02    0.82673E-01
    0.11818E+02    0.78413E-01
    0.12057E+02    0.74369E-01
    0.12301E+02    0.70532E-01
    0.12549E+02    0.66891E-01
    0.12803E+02    0.63436E-01
    0.13061E+02    0.60158E-01
    0.13325E+02    0.57047E-01
    0.13594E+02    0.54096E-01
    0.13869E+02    0.51296E-01
    0.14149E+02    0.48639E-01
    0.14435E+02    0.46119E-01
    0.14727E+02    0.43728E-01
    0.15024E+02    0.41460E-01
    0.15328E+02    0.39308E-01
    0.15637E+02    0.37267E-01
    0.15953E+02    0.35331E-01
    0.16275E+02    0.33495E-01
    0.16604E+02    0.31753E-01
    0.16940E+02    0.30101E-01
    0.17282E+02    0.28535E-01
    0.17631E+02    0.27049E-01
    0.17987E+02    0.25639E-01
    0.18351E+02    0.24303E-01
    0.18721E+02    0.23035E-01
    0.19099E+02    0.21833E-01
    0.19485E+02    0.20694E-01
    0.19879E+02    0.19613E-01
    0.20280E+02    0.18588E-01
    0.20690E+02    0.17616E-01
    0.21108E+02    0.16695E-01
    0.21535E+02    0.15821E-01
    0.21970E+02    0.14993E-01
    0.22413E+02    0.14208E-01
    0.22866E+02    0.13463E-01
    0.23328E+02    0.12757E-01
    0.23799E+02    0.12088E-01
    0.24280E+02    0.11454E-01
    0.24771E+02    0.10853E-01
    0.25271E+02    0.10283E-01
    0.25782E+02    0.97425E-02
    0.26302E+02    0.92304E-02
    0.26834E+02    0.87450E-02
    0.27376E+02    0.82849E-02
    0.27929E+02    0.78488E-02
    0.28493E+02    0.74355E-02
    0.29069E+02    0.70438E-02
    0.29656E+02    0.66725E-02
    0.30255E+02    0.63207E-02
    0.30866E+02    0.59872E-02
    0.31490E+02    0.56712E-02
    0.32126E+02    0.53718E-02
    0.32775E+02    0.50880E-02
    0.33437E+02    0.48192E-02
    0.34112E+02    0.45644E-02
    0.34801E+02    0.43230E-02
    0.35504E+02    0.40942E-02
    0.36222E+02    0.38775E-02
    0.36953E+02    0.36721E-02
    0.37700E+02    0.34775E-02
    0.38462E+02    0.32932E-02
    0.39239E+02    0.31185E-02
    0.40031E+02    0.29531E-02
    0.40840E+02    0.27963E-02
    0.41665E+02    0.26478E-02
    0.42507E+02    0.25071E-02
    0.43365E+02    0.23739E-02
    0.44241E+02    0.22476E-02
    0.45135E+02    0.21281E-02
    0.46047E+02    0.20148E-02
    0.46977E+02    0.19075E-02
    0.47926E+02    0.18059E-02
    0.48894E+02    0.17096E-02
    0.49882E+02    0.16185E-02
    0.50890E+02    0.15321E-02
    0.51918E+02    0.14504E-02
    0.52966E+02    0.13729E-02
    0.54036E+02    0.12996E-02
    0.55128E+02    0.12301E-02
    0.56242E+02    0.11643E-02
    0.57378E+02    0.11020E-02
    0.58537E+02    0.10430E-02
    0.59720E+02    0.98716E-03
    0.60926E+02    0.93427E-03
    0.62157E+02    0.88418E-03
    0.63412E+02    0.83676E-03
    0.64693E+02    0.79185E-03
    0.66000E+02    0.74933E-03
    0.67334E+02    0.70908E-03
    0.68694E+02    0.67097E-03
    0.70082E+02    0.63488E-03
    0.71497E+02    0.60072E-03
    0.72942E+02    0.56838E-03
    0.74415E+02    0.53776E-03
    0.75918E+02    0.50877E-03
    0.77452E+02    0.48133E-03
    0.79017E+02    0.45536E-03
    0.80613E+02    0.43077E-03
    0.82241E+02    0.40749E-03
    0.83903E+02    0.38545E-03
    0.85598E+02    0.36459E-03
    0.87327E+02    0.34485E-03
    0.89091E+02    0.32616E-03
    0.90891E+02    0.30848E-03
    0.92727E+02    0.29174E-03
    0.94600E+02    0.27589E-03
    0.96511E+02    0.26090E-03
    0.98461E+02    0.24671E-03
    0.10045E+03    0.23328E-03
    0.10248E+03    0.22057E-03
    0.10455E+03    0.20854E-03
    0.10666E+03    0.19716E-03
    0.10882E+03    0.18640E-03
    0.11101E+03    0.17621E-03
    0.11326E+03    0.16657E-03
    0.11554E+03    0.15745E-03
    0.11788E+03    0.14883E-03
    0.12026E+03    0.14067E-03
    0.12269E+03    0.13295E-03
    0.12517E+03    0.12564E-03
    0.12770E+03    0.11874E-03
    0.13028E+03    0.11220E-03
    0.13291E+03    0.10602E-03
    0.13559E+03    0.10018E-03
    0.13833E+03    0.94652E-04
    0.14113E+03    0.89424E-04
    0.14398E+03    0.84478E-04
    0.14689E+03    0.79800E-04
    0.14985E+03    0.75374E-04
    0.15288E+03    0.71188E-04
    0.15597E+03    0.67228E-04
    0.15912E+03    0.63483E-04
    0.16233E+03    0.59940E-04
    0.16561E+03    0.56589E-04
    0.16896E+03    0.53419E-04
    0.17237E+03    0.50421E-04
    0.17585E+03    0.47585E-04
    0.17941E+03    0.44903E-04
    0.18303E+03    0.42367E-04
    0.18673E+03    0.39969E-04
    0.19050E+03    0.37702E-04
    0.19435E+03    0.35559E-04
    0.19828E+03    0.33534E-04
    0.20228E+03    0.31621E-04
    0.20637E+03    0.29815E-04
    0.21054E+03    0.28110E-04
    0.21479E+03    0.26500E-04
    0.21913E+03    0.24980E-04
    0.22356E+03    0.23547E-04
    0.22807E+03    0.22194E-04
    0.23268E+03    0.20918E-04
    0.23738E+03    0.19715E-04
    0.24217E+03    0.18581E-04
    0.24707E+03    0.17511E-04
    0.25206E+03    0.16503E-04
