  0.714286E-04  0.103542E+08  0.103542E+08  0.136299E+08  0.136293E+08  0.000000E+00  0.103542E+08
  0.117766E-03  0.103526E+08  0.103526E+08  0.133309E+08  0.133295E+08  0.000000E+00  0.103526E+08
  0.194163E-03  0.103484E+08  0.103484E+08  0.125491E+08  0.125454E+08  0.000000E+00  0.103484E+08
  0.320121E-03  0.103371E+08  0.103371E+08  0.106365E+08  0.106279E+08  0.000000E+00  0.103371E+08
  0.527790E-03  0.103081E+08  0.103081E+08  0.674859E+07  0.673293E+07  0.000000E+00  0.103081E+08
  0.870178E-03  0.102387E+08  0.102386E+08  0.208331E+07  0.206284E+07  0.000000E+00  0.102387E+08
  0.143468E-02  0.100940E+08  0.100938E+08  0.764578E+06  0.732849E+06  0.000000E+00  0.100940E+08
  0.236539E-02  0.983143E+07  0.983066E+07  0.000000E+00  0.000000E+00  0.000000E+00  0.983130E+07
  0.389987E-02  0.938261E+07  0.938057E+07  0.000000E+00  0.000000E+00  0.000000E+00  0.938225E+07
  0.409982E-02  0.932403E+07  0.932178E+07  0.000000E+00  0.000000E+00  0.000000E+00  0.932363E+07
  0.431002E-02  0.926257E+07  0.926010E+07  0.000000E+00  0.000000E+00  0.000000E+00  0.926213E+07
  0.453100E-02  0.919813E+07  0.919542E+07  0.000000E+00  0.000000E+00  0.000000E+00  0.919765E+07
  0.476331E-02  0.913063E+07  0.912764E+07  0.000000E+00  0.000000E+00  0.000000E+00  0.913010E+07
  0.500753E-02  0.905997E+07  0.905668E+07  0.000000E+00  0.000000E+00  0.000000E+00  0.905938E+07
  0.526427E-02  0.898605E+07  0.898244E+07  0.000000E+00  0.000000E+00  0.000000E+00  0.898541E+07
  0.553418E-02  0.890878E+07  0.890481E+07  0.000000E+00  0.000000E+00  0.000000E+00  0.890807E+07
  0.581792E-02  0.882807E+07  0.882371E+07  0.000000E+00  0.000000E+00  0.000000E+00  0.882729E+07
  0.611621E-02  0.874383E+07  0.873904E+07  0.000000E+00  0.000000E+00  0.000000E+00  0.874298E+07
  0.642980E-02  0.865596E+07  0.865071E+07  0.000000E+00  0.000000E+00  0.000000E+00  0.865503E+07
  0.675946E-02  0.856439E+07  0.855863E+07  0.000000E+00  0.000000E+00  0.000000E+00  0.856337E+07
  0.710602E-02  0.846902E+07  0.846271E+07  0.000000E+00  0.000000E+00  0.000000E+00  0.846790E+07
  0.747036E-02  0.836976E+07  0.836284E+07  0.000000E+00  0.000000E+00  0.000000E+00  0.836854E+07
  0.785337E-02  0.826654E+07  0.825896E+07  0.000000E+00  0.000000E+00  0.000000E+00  0.826519E+07
  0.825602E-02  0.815925E+07  0.815096E+07  0.000000E+00  0.000000E+00  0.000000E+00  0.815778E+07
  0.867932E-02  0.804783E+07  0.803876E+07  0.000000E+00  0.000000E+00  0.000000E+00  0.804622E+07
  0.912431E-02  0.793219E+07  0.792227E+07  0.000000E+00  0.000000E+00  0.000000E+00  0.793043E+07
  0.959213E-02  0.781224E+07  0.780141E+07  0.000000E+00  0.000000E+00  0.000000E+00  0.781032E+07
  0.100839E-01  0.768792E+07  0.767609E+07  0.000000E+00  0.000000E+00  0.000000E+00  0.768582E+07
  0.106009E-01  0.755913E+07  0.754624E+07  0.000000E+00  0.000000E+00  0.000000E+00  0.755685E+07
  0.111445E-01  0.742582E+07  0.741178E+07  0.000000E+00  0.000000E+00  0.000000E+00  0.742333E+07
  0.117159E-01  0.728793E+07  0.727264E+07  0.000000E+00  0.000000E+00  0.000000E+00  0.728521E+07
  0.123165E-01  0.714538E+07  0.712877E+07  0.000000E+00  0.000000E+00  0.000000E+00  0.714243E+07
  0.129480E-01  0.699814E+07  0.698011E+07  0.000000E+00  0.000000E+00  0.000000E+00  0.699494E+07
  0.136119E-01  0.684617E+07  0.682663E+07  0.000000E+00  0.000000E+00  0.000000E+00  0.684270E+07
  0.143098E-01  0.668946E+07  0.666831E+07  0.000000E+00  0.000000E+00  0.000000E+00  0.668570E+07
  0.150434E-01  0.652801E+07  0.650517E+07  0.000000E+00  0.000000E+00  0.000000E+00  0.652396E+07
  0.158147E-01  0.636186E+07  0.633724E+07  0.000000E+00  0.000000E+00  0.000000E+00  0.635750E+07
  0.166256E-01  0.619109E+07  0.616460E+07  0.000000E+00  0.000000E+00  0.000000E+00  0.618639E+07
  0.174780E-01  0.601580E+07  0.598737E+07  0.000000E+00  0.000000E+00  0.000000E+00  0.601076E+07
  0.183741E-01  0.583616E+07  0.580573E+07  0.000000E+00  0.000000E+00  0.000000E+00  0.583076E+07
  0.193162E-01  0.565240E+07  0.561993E+07  0.000000E+00  0.000000E+00  0.000000E+00  0.564664E+07
  0.203065E-01  0.546481E+07  0.543027E+07  0.000000E+00  0.000000E+00  0.000000E+00  0.545868E+07
  0.213477E-01  0.527378E+07  0.523717E+07  0.000000E+00  0.000000E+00  0.000000E+00  0.526729E+07
  0.224422E-01  0.507980E+07  0.504115E+07  0.000000E+00  0.000000E+00  0.000000E+00  0.507294E+07
  0.235928E-01  0.488344E+07  0.484281E+07  0.000000E+00  0.000000E+00  0.000000E+00  0.487623E+07
  0.248025E-01  0.468541E+07  0.464291E+07  0.000000E+00  0.000000E+00  0.000000E+00  0.467787E+07
  0.260741E-01  0.448654E+07  0.444234E+07  0.000000E+00  0.000000E+00  0.000000E+00  0.447870E+07
  0.274110E-01  0.428782E+07  0.424211E+07  0.000000E+00  0.000000E+00  0.000000E+00  0.427971E+07
  0.288163E-01  0.409034E+07  0.404340E+07  0.000000E+00  0.000000E+00  0.000000E+00  0.408201E+07
  0.302938E-01  0.389534E+07  0.384750E+07  0.000000E+00  0.000000E+00  0.000000E+00  0.388685E+07
  0.318470E-01  0.370418E+07  0.365583E+07  0.000000E+00  0.000000E+00  0.000000E+00  0.369560E+07
  0.334798E-01  0.354312E+07  0.349468E+07  0.000000E+00  0.000000E+00  0.000000E+00  0.353453E+07
  0.351964E-01  0.336442E+07  0.331643E+07  0.000000E+00  0.000000E+00  0.000000E+00  0.335591E+07
  0.370009E-01  0.319291E+07  0.314590E+07  0.000000E+00  0.000000E+00  0.000000E+00  0.318457E+07
  0.388980E-01  0.303092E+07  0.298547E+07  0.000000E+00  0.000000E+00  0.000000E+00  0.302286E+07
  0.408923E-01  0.287979E+07  0.283649E+07  0.000000E+00  0.000000E+00  0.000000E+00  0.287211E+07
  0.429889E-01  0.272418E+07  0.268358E+07  0.000000E+00  0.000000E+00  0.000000E+00  0.271698E+07
  0.451930E-01  0.259571E+07  0.255831E+07  0.000000E+00  0.000000E+00  0.000000E+00  0.258908E+07
  0.475101E-01  0.247819E+07  0.244438E+07  0.000000E+00  0.000000E+00  0.000000E+00  0.247219E+07
  0.499460E-01  0.237053E+07  0.234057E+07  0.000000E+00  0.000000E+00  0.000000E+00  0.236521E+07
  0.525068E-01  0.228120E+07  0.225517E+07  0.000000E+00  0.000000E+00  0.000000E+00  0.227658E+07
  0.551989E-01  0.218933E+07  0.216710E+07  0.000000E+00  0.000000E+00  0.000000E+00  0.218538E+07
  0.591671E-01  0.206812E+07  0.205053E+07  0.000000E+00  0.000000E+00  0.000000E+00  0.206500E+07
  0.631354E-01  0.194922E+07  0.193485E+07  0.000000E+00  0.000000E+00  0.000000E+00  0.194667E+07
  0.671036E-01  0.184046E+07  0.182781E+07  0.000000E+00  0.000000E+00  0.000000E+00  0.183822E+07
  0.710719E-01  0.173107E+07  0.171881E+07  0.000000E+00  0.000000E+00  0.000000E+00  0.172889E+07
  0.750402E-01  0.162276E+07  0.160989E+07  0.000000E+00  0.000000E+00  0.000000E+00  0.162047E+07
  0.790084E-01  0.151197E+07  0.149795E+07  0.000000E+00  0.000000E+00  0.000000E+00  0.150948E+07
  0.829767E-01  0.140607E+07  0.139079E+07  0.000000E+00  0.000000E+00  0.000000E+00  0.140336E+07
  0.869449E-01  0.130917E+07  0.129290E+07  0.000000E+00  0.000000E+00  0.000000E+00  0.130629E+07
  0.909132E-01  0.122391E+07  0.120718E+07  0.000000E+00  0.000000E+00  0.000000E+00  0.122094E+07
  0.948814E-01  0.115128E+07  0.113477E+07  0.000000E+00  0.000000E+00  0.000000E+00  0.114835E+07
  0.988497E-01  0.109104E+07  0.107540E+07  0.000000E+00  0.000000E+00  0.000000E+00  0.108827E+07
  0.102818E+00  0.104206E+07  0.102781E+07  0.000000E+00  0.000000E+00  0.000000E+00  0.103953E+07
  0.106786E+00  0.100236E+07  0.989825E+06  0.000000E+00  0.000000E+00  0.000000E+00  0.100014E+07
  0.110754E+00  0.969250E+06  0.958491E+06  0.000000E+00  0.000000E+00  0.000000E+00  0.967341E+06
  0.114723E+00  0.939643E+06  0.930512E+06  0.000000E+00  0.000000E+00  0.000000E+00  0.938023E+06
  0.118691E+00  0.910781E+06  0.902947E+06  0.000000E+00  0.000000E+00  0.000000E+00  0.909392E+06
  0.122659E+00  0.880783E+06  0.873814E+06  0.000000E+00  0.000000E+00  0.000000E+00  0.879547E+06
  0.126627E+00  0.848785E+06  0.842227E+06  0.000000E+00  0.000000E+00  0.000000E+00  0.847622E+06
  0.130596E+00  0.814711E+06  0.808159E+06  0.000000E+00  0.000000E+00  0.000000E+00  0.813548E+06
  0.134564E+00  0.779036E+06  0.772197E+06  0.000000E+00  0.000000E+00  0.000000E+00  0.777823E+06
  0.138532E+00  0.742746E+06  0.735463E+06  0.000000E+00  0.000000E+00  0.000000E+00  0.741454E+06
  0.142500E+00  0.707281E+06  0.699540E+06  0.000000E+00  0.000000E+00  0.000000E+00  0.705908E+06
  0.146469E+00  0.674208E+06  0.666119E+06  0.000000E+00  0.000000E+00  0.000000E+00  0.672773E+06
  0.150437E+00  0.644714E+06  0.636476E+06  0.000000E+00  0.000000E+00  0.000000E+00  0.643253E+06
  0.154405E+00  0.619282E+06  0.611132E+06  0.000000E+00  0.000000E+00  0.000000E+00  0.617836E+06
  0.158373E+00  0.597759E+06  0.589930E+06  0.000000E+00  0.000000E+00  0.000000E+00  0.596371E+06
  0.162342E+00  0.579656E+06  0.572335E+06  0.000000E+00  0.000000E+00  0.000000E+00  0.578358E+06
  0.166310E+00  0.564330E+06  0.557632E+06  0.000000E+00  0.000000E+00  0.000000E+00  0.563142E+06
  0.170278E+00  0.550979E+06  0.544936E+06  0.000000E+00  0.000000E+00  0.000000E+00  0.549907E+06
  0.174247E+00  0.538639E+06  0.533206E+06  0.000000E+00  0.000000E+00  0.000000E+00  0.537675E+06
  0.178215E+00  0.526356E+06  0.521425E+06  0.000000E+00  0.000000E+00  0.000000E+00  0.525482E+06
  0.182183E+00  0.513443E+06  0.508864E+06  0.000000E+00  0.000000E+00  0.000000E+00  0.512630E+06
  0.186151E+00  0.499601E+06  0.495216E+06  0.000000E+00  0.000000E+00  0.000000E+00  0.498823E+06
  0.190120E+00  0.484865E+06  0.480528E+06  0.000000E+00  0.000000E+00  0.000000E+00  0.484095E+06
  0.194088E+00  0.469465E+06  0.465068E+06  0.000000E+00  0.000000E+00  0.000000E+00  0.468685E+06
  0.198056E+00  0.453772E+06  0.449250E+06  0.000000E+00  0.000000E+00  0.000000E+00  0.452970E+06
  0.202024E+00  0.438277E+06  0.433616E+06  0.000000E+00  0.000000E+00  0.000000E+00  0.437450E+06
  0.205993E+00  0.423524E+06  0.418755E+06  0.000000E+00  0.000000E+00  0.000000E+00  0.422678E+06
  0.218473E+00  0.385729E+06  0.381099E+06  0.000000E+00  0.000000E+00  0.000000E+00  0.384908E+06
  0.231710E+00  0.358507E+06  0.354666E+06  0.000000E+00  0.000000E+00  0.000000E+00  0.357826E+06
  0.245749E+00  0.333532E+06  0.330322E+06  0.000000E+00  0.000000E+00  0.000000E+00  0.332963E+06
  0.260638E+00  0.304199E+06  0.301038E+06  0.000000E+00  0.000000E+00  0.000000E+00  0.303638E+06
  0.276430E+00  0.276126E+06  0.273005E+06  0.000000E+00  0.000000E+00  0.000000E+00  0.275572E+06
  0.293178E+00  0.254515E+06  0.251806E+06  0.000000E+00  0.000000E+00  0.000000E+00  0.254034E+06
  0.310941E+00  0.234633E+06  0.232254E+06  0.000000E+00  0.000000E+00  0.000000E+00  0.234211E+06
  0.329781E+00  0.213495E+06  0.211197E+06  0.000000E+00  0.000000E+00  0.000000E+00  0.213088E+06
  0.349762E+00  0.195210E+06  0.193112E+06  0.000000E+00  0.000000E+00  0.000000E+00  0.194838E+06
  0.370953E+00  0.179275E+06  0.177414E+06  0.000000E+00  0.000000E+00  0.000000E+00  0.178945E+06
  0.393428E+00  0.163376E+06  0.161632E+06  0.000000E+00  0.000000E+00  0.000000E+00  0.163067E+06
  0.417265E+00  0.149314E+06  0.147733E+06  0.000000E+00  0.000000E+00  0.000000E+00  0.149033E+06
  0.442547E+00  0.136449E+06  0.135012E+06  0.000000E+00  0.000000E+00  0.000000E+00  0.136194E+06
  0.469360E+00  0.124380E+06  0.123059E+06  0.000000E+00  0.000000E+00  0.000000E+00  0.124146E+06
  0.497797E+00  0.113545E+06  0.112348E+06  0.000000E+00  0.000000E+00  0.000000E+00  0.113333E+06
  0.527958E+00  0.103461E+06  0.102366E+06  0.000000E+00  0.000000E+00  0.000000E+00  0.103267E+06
  0.559946E+00  0.943100E+05  0.933143E+05  0.000000E+00  0.000000E+00  0.000000E+00  0.941334E+05
  0.593872E+00  0.858837E+05  0.849756E+05  0.000000E+00  0.000000E+00  0.000000E+00  0.857226E+05
  0.629853E+00  0.781996E+05  0.773736E+05  0.000000E+00  0.000000E+00  0.000000E+00  0.780531E+05
  0.879031E+00  0.455917E+05  0.451103E+05  0.000000E+00  0.000000E+00  0.000000E+00  0.455063E+05
  0.122679E+01  0.262702E+05  0.259929E+05  0.000000E+00  0.000000E+00  0.000000E+00  0.262210E+05
  0.171212E+01  0.149844E+05  0.148263E+05  0.000000E+00  0.000000E+00  0.000000E+00  0.149563E+05
  0.238945E+01  0.847267E+04  0.838328E+04  0.000000E+00  0.000000E+00  0.000000E+00  0.845681E+04
  0.333475E+01  0.475460E+04  0.470442E+04  0.000000E+00  0.000000E+00  0.000000E+00  0.474570E+04
  0.465402E+01  0.265057E+04  0.262257E+04  0.000000E+00  0.000000E+00  0.000000E+00  0.264560E+04
  0.649521E+01  0.146909E+04  0.145355E+04  0.000000E+00  0.000000E+00  0.000000E+00  0.146634E+04
  0.906480E+01  0.810097E+03  0.801494E+03  0.000000E+00  0.000000E+00  0.000000E+00  0.808571E+03
  0.126509E+02  0.444685E+03  0.439929E+03  0.000000E+00  0.000000E+00  0.000000E+00  0.443841E+03
  0.176558E+02  0.243106E+03  0.240469E+03  0.000000E+00  0.000000E+00  0.000000E+00  0.242638E+03
  0.246407E+02  0.132413E+03  0.130937E+03  0.000000E+00  0.000000E+00  0.000000E+00  0.132151E+03
  0.343888E+02  0.718729E+02  0.710309E+02  0.000000E+00  0.000000E+00  0.000000E+00  0.717235E+02
  0.479935E+02  0.388822E+02  0.383834E+02  0.000000E+00  0.000000E+00  0.000000E+00  0.387937E+02
  0.669803E+02  0.209621E+02  0.206479E+02  0.000000E+00  0.000000E+00  0.000000E+00  0.209063E+02
  0.934785E+02  0.112561E+02  0.110405E+02  0.000000E+00  0.000000E+00  0.000000E+00  0.112179E+02
  0.130460E+03  0.601304E+01  0.585012E+01  0.000000E+00  0.000000E+00  0.000000E+00  0.598414E+01
  0.182071E+03  0.318811E+01  0.305438E+01  0.000000E+00  0.000000E+00  0.000000E+00  0.316439E+01
  0.254101E+03  0.167111E+01  0.155638E+01  0.000000E+00  0.000000E+00  0.000000E+00  0.165076E+01
