  0.714286E-04  0.955589E+07  0.955589E+07  0.125917E+08  0.125913E+08  0.000000E+00  0.955589E+07
  0.117766E-03  0.955494E+07  0.955494E+07  0.123376E+08  0.123363E+08  0.000000E+00  0.955494E+07
  0.194163E-03  0.955237E+07  0.955236E+07  0.116708E+08  0.116675E+08  0.000000E+00  0.955236E+07
  0.320121E-03  0.954548E+07  0.954546E+07  0.100263E+08  0.100187E+08  0.000000E+00  0.954547E+07
  0.527790E-03  0.952747E+07  0.952743E+07  0.660600E+07  0.659206E+07  0.000000E+00  0.952746E+07
  0.870178E-03  0.948298E+07  0.948289E+07  0.222029E+07  0.220315E+07  0.000000E+00  0.948297E+07
  0.143468E-02  0.938387E+07  0.938362E+07  0.770898E+06  0.745459E+06  0.000000E+00  0.938383E+07
  0.236539E-02  0.918649E+07  0.918582E+07  0.000000E+00  0.000000E+00  0.000000E+00  0.918639E+07
  0.389987E-02  0.882604E+07  0.882428E+07  0.000000E+00  0.000000E+00  0.000000E+00  0.882576E+07
  0.409982E-02  0.877795E+07  0.877601E+07  0.000000E+00  0.000000E+00  0.000000E+00  0.877764E+07
  0.431002E-02  0.872732E+07  0.872519E+07  0.000000E+00  0.000000E+00  0.000000E+00  0.872698E+07
  0.453100E-02  0.867407E+07  0.867172E+07  0.000000E+00  0.000000E+00  0.000000E+00  0.867370E+07
  0.476331E-02  0.861810E+07  0.861552E+07  0.000000E+00  0.000000E+00  0.000000E+00  0.861769E+07
  0.500753E-02  0.855933E+07  0.855649E+07  0.000000E+00  0.000000E+00  0.000000E+00  0.855888E+07
  0.526427E-02  0.849766E+07  0.849454E+07  0.000000E+00  0.000000E+00  0.000000E+00  0.849716E+07
  0.553418E-02  0.843301E+07  0.842958E+07  0.000000E+00  0.000000E+00  0.000000E+00  0.843246E+07
  0.581792E-02  0.836529E+07  0.836152E+07  0.000000E+00  0.000000E+00  0.000000E+00  0.836469E+07
  0.611621E-02  0.829440E+07  0.829027E+07  0.000000E+00  0.000000E+00  0.000000E+00  0.829374E+07
  0.642980E-02  0.822027E+07  0.821573E+07  0.000000E+00  0.000000E+00  0.000000E+00  0.821954E+07
  0.675946E-02  0.814279E+07  0.813781E+07  0.000000E+00  0.000000E+00  0.000000E+00  0.814200E+07
  0.710602E-02  0.806189E+07  0.805642E+07  0.000000E+00  0.000000E+00  0.000000E+00  0.806102E+07
  0.747036E-02  0.797747E+07  0.797148E+07  0.000000E+00  0.000000E+00  0.000000E+00  0.797652E+07
  0.785337E-02  0.788944E+07  0.788288E+07  0.000000E+00  0.000000E+00  0.000000E+00  0.788840E+07
  0.825602E-02  0.779773E+07  0.779054E+07  0.000000E+00  0.000000E+00  0.000000E+00  0.779659E+07
  0.867932E-02  0.770224E+07  0.769436E+07  0.000000E+00  0.000000E+00  0.000000E+00  0.770098E+07
  0.912431E-02  0.760288E+07  0.759427E+07  0.000000E+00  0.000000E+00  0.000000E+00  0.760151E+07
  0.959213E-02  0.749957E+07  0.749016E+07  0.000000E+00  0.000000E+00  0.000000E+00  0.749807E+07
  0.100839E-01  0.739222E+07  0.738194E+07  0.000000E+00  0.000000E+00  0.000000E+00  0.739059E+07
  0.106009E-01  0.728076E+07  0.726954E+07  0.000000E+00  0.000000E+00  0.000000E+00  0.727898E+07
  0.111445E-01  0.716510E+07  0.715288E+07  0.000000E+00  0.000000E+00  0.000000E+00  0.716316E+07
  0.117159E-01  0.704518E+07  0.703186E+07  0.000000E+00  0.000000E+00  0.000000E+00  0.704306E+07
  0.123165E-01  0.692091E+07  0.690642E+07  0.000000E+00  0.000000E+00  0.000000E+00  0.691861E+07
  0.129480E-01  0.679224E+07  0.677650E+07  0.000000E+00  0.000000E+00  0.000000E+00  0.678974E+07
  0.136119E-01  0.665912E+07  0.664204E+07  0.000000E+00  0.000000E+00  0.000000E+00  0.665641E+07
  0.143098E-01  0.652151E+07  0.650301E+07  0.000000E+00  0.000000E+00  0.000000E+00  0.651857E+07
  0.150434E-01  0.637939E+07  0.635938E+07  0.000000E+00  0.000000E+00  0.000000E+00  0.637621E+07
  0.158147E-01  0.623276E+07  0.621115E+07  0.000000E+00  0.000000E+00  0.000000E+00  0.622932E+07
  0.166256E-01  0.608164E+07  0.605837E+07  0.000000E+00  0.000000E+00  0.000000E+00  0.607794E+07
  0.174780E-01  0.592611E+07  0.590109E+07  0.000000E+00  0.000000E+00  0.000000E+00  0.592213E+07
  0.183741E-01  0.576626E+07  0.573943E+07  0.000000E+00  0.000000E+00  0.000000E+00  0.576199E+07
  0.193162E-01  0.560224E+07  0.557355E+07  0.000000E+00  0.000000E+00  0.000000E+00  0.559768E+07
  0.203065E-01  0.543427E+07  0.540368E+07  0.000000E+00  0.000000E+00  0.000000E+00  0.542940E+07
  0.213477E-01  0.526262E+07  0.523012E+07  0.000000E+00  0.000000E+00  0.000000E+00  0.525745E+07
  0.224422E-01  0.508765E+07  0.505324E+07  0.000000E+00  0.000000E+00  0.000000E+00  0.508217E+07
  0.235928E-01  0.490980E+07  0.487352E+07  0.000000E+00  0.000000E+00  0.000000E+00  0.490403E+07
  0.248025E-01  0.472962E+07  0.469155E+07  0.000000E+00  0.000000E+00  0.000000E+00  0.472356E+07
  0.260741E-01  0.454776E+07  0.450801E+07  0.000000E+00  0.000000E+00  0.000000E+00  0.454144E+07
  0.274110E-01  0.436500E+07  0.432373E+07  0.000000E+00  0.000000E+00  0.000000E+00  0.435844E+07
  0.288163E-01  0.418222E+07  0.413965E+07  0.000000E+00  0.000000E+00  0.000000E+00  0.417545E+07
  0.302938E-01  0.400045E+07  0.395683E+07  0.000000E+00  0.000000E+00  0.000000E+00  0.399351E+07
  0.318470E-01  0.382081E+07  0.377647E+07  0.000000E+00  0.000000E+00  0.000000E+00  0.381375E+07
  0.334798E-01  0.366538E+07  0.362069E+07  0.000000E+00  0.000000E+00  0.000000E+00  0.365828E+07
  0.351964E-01  0.349470E+07  0.345009E+07  0.000000E+00  0.000000E+00  0.000000E+00  0.348760E+07
  0.370009E-01  0.332915E+07  0.328511E+07  0.000000E+00  0.000000E+00  0.000000E+00  0.332215E+07
  0.388980E-01  0.317019E+07  0.312723E+07  0.000000E+00  0.000000E+00  0.000000E+00  0.316336E+07
  0.408923E-01  0.301960E+07  0.297824E+07  0.000000E+00  0.000000E+00  0.000000E+00  0.301302E+07
  0.429889E-01  0.286483E+07  0.282560E+07  0.000000E+00  0.000000E+00  0.000000E+00  0.285859E+07
  0.451930E-01  0.273306E+07  0.269645E+07  0.000000E+00  0.000000E+00  0.000000E+00  0.272724E+07
  0.475101E-01  0.261113E+07  0.257756E+07  0.000000E+00  0.000000E+00  0.000000E+00  0.260579E+07
  0.499460E-01  0.249829E+07  0.246807E+07  0.000000E+00  0.000000E+00  0.000000E+00  0.249348E+07
  0.525068E-01  0.240066E+07  0.237397E+07  0.000000E+00  0.000000E+00  0.000000E+00  0.239641E+07
  0.551989E-01  0.230298E+07  0.227981E+07  0.000000E+00  0.000000E+00  0.000000E+00  0.229929E+07
  0.580290E-01  0.221101E+07  0.219116E+07  0.000000E+00  0.000000E+00  0.000000E+00  0.220785E+07
  0.619972E-01  0.208870E+07  0.207258E+07  0.000000E+00  0.000000E+00  0.000000E+00  0.208613E+07
  0.659655E-01  0.197784E+07  0.196420E+07  0.000000E+00  0.000000E+00  0.000000E+00  0.197567E+07
  0.699337E-01  0.186986E+07  0.185744E+07  0.000000E+00  0.000000E+00  0.000000E+00  0.186789E+07
  0.739020E-01  0.176510E+07  0.175281E+07  0.000000E+00  0.000000E+00  0.000000E+00  0.176314E+07
  0.778703E-01  0.165806E+07  0.164513E+07  0.000000E+00  0.000000E+00  0.000000E+00  0.165600E+07
  0.818385E-01  0.155324E+07  0.153927E+07  0.000000E+00  0.000000E+00  0.000000E+00  0.155102E+07
  0.858068E-01  0.145368E+07  0.143863E+07  0.000000E+00  0.000000E+00  0.000000E+00  0.145128E+07
  0.897750E-01  0.136231E+07  0.134645E+07  0.000000E+00  0.000000E+00  0.000000E+00  0.135978E+07
  0.937433E-01  0.128122E+07  0.126504E+07  0.000000E+00  0.000000E+00  0.000000E+00  0.127864E+07
  0.977115E-01  0.121131E+07  0.119540E+07  0.000000E+00  0.000000E+00  0.000000E+00  0.120878E+07
  0.101680E+00  0.115234E+07  0.113726E+07  0.000000E+00  0.000000E+00  0.000000E+00  0.114994E+07
  0.105648E+00  0.110311E+07  0.108930E+07  0.000000E+00  0.000000E+00  0.000000E+00  0.110091E+07
  0.109616E+00  0.106182E+07  0.104955E+07  0.000000E+00  0.000000E+00  0.000000E+00  0.105987E+07
  0.113585E+00  0.102628E+07  0.101563E+07  0.000000E+00  0.000000E+00  0.000000E+00  0.102458E+07
  0.117553E+00  0.994194E+06  0.985032E+06  0.000000E+00  0.000000E+00  0.000000E+00  0.992737E+06
  0.121521E+00  0.963432E+06  0.955478E+06  0.000000E+00  0.000000E+00  0.000000E+00  0.962167E+06
  0.125489E+00  0.932329E+06  0.925210E+06  0.000000E+00  0.000000E+00  0.000000E+00  0.931197E+06
  0.129458E+00  0.899928E+06  0.893245E+06  0.000000E+00  0.000000E+00  0.000000E+00  0.898865E+06
  0.133426E+00  0.866007E+06  0.859398E+06  0.000000E+00  0.000000E+00  0.000000E+00  0.864956E+06
  0.137394E+00  0.830939E+06  0.824126E+06  0.000000E+00  0.000000E+00  0.000000E+00  0.829856E+06
  0.141362E+00  0.795509E+06  0.788329E+06  0.000000E+00  0.000000E+00  0.000000E+00  0.794367E+06
  0.145331E+00  0.760765E+06  0.753180E+06  0.000000E+00  0.000000E+00  0.000000E+00  0.759559E+06
  0.149299E+00  0.727855E+06  0.719935E+06  0.000000E+00  0.000000E+00  0.000000E+00  0.726595E+06
  0.153267E+00  0.697782E+06  0.689683E+06  0.000000E+00  0.000000E+00  0.000000E+00  0.696494E+06
  0.157235E+00  0.671159E+06  0.663082E+06  0.000000E+00  0.000000E+00  0.000000E+00  0.669874E+06
  0.161204E+00  0.648093E+06  0.640248E+06  0.000000E+00  0.000000E+00  0.000000E+00  0.646845E+06
  0.165172E+00  0.628271E+06  0.620839E+06  0.000000E+00  0.000000E+00  0.000000E+00  0.627089E+06
  0.169140E+00  0.611132E+06  0.604241E+06  0.000000E+00  0.000000E+00  0.000000E+00  0.610036E+06
  0.173108E+00  0.596004E+06  0.589712E+06  0.000000E+00  0.000000E+00  0.000000E+00  0.595004E+06
  0.177077E+00  0.582154E+06  0.576449E+06  0.000000E+00  0.000000E+00  0.000000E+00  0.581247E+06
  0.181045E+00  0.568838E+06  0.563648E+06  0.000000E+00  0.000000E+00  0.000000E+00  0.568013E+06
  0.185013E+00  0.555412E+06  0.550619E+06  0.000000E+00  0.000000E+00  0.000000E+00  0.554650E+06
  0.188981E+00  0.541454E+06  0.536919E+06  0.000000E+00  0.000000E+00  0.000000E+00  0.540732E+06
  0.192950E+00  0.526812E+06  0.522399E+06  0.000000E+00  0.000000E+00  0.000000E+00  0.526110E+06
  0.196918E+00  0.511578E+06  0.507171E+06  0.000000E+00  0.000000E+00  0.000000E+00  0.510877E+06
  0.200886E+00  0.495999E+06  0.491515E+06  0.000000E+00  0.000000E+00  0.000000E+00  0.495286E+06
  0.204854E+00  0.480423E+06  0.475823E+06  0.000000E+00  0.000000E+00  0.000000E+00  0.479692E+06
  0.208823E+00  0.465261E+06  0.460548E+06  0.000000E+00  0.000000E+00  0.000000E+00  0.464511E+06
  0.221475E+00  0.423691E+06  0.418971E+06  0.000000E+00  0.000000E+00  0.000000E+00  0.422940E+06
  0.234894E+00  0.392361E+06  0.388310E+06  0.000000E+00  0.000000E+00  0.000000E+00  0.391716E+06
  0.249125E+00  0.365352E+06  0.362010E+06  0.000000E+00  0.000000E+00  0.000000E+00  0.364821E+06
  0.264219E+00  0.335251E+06  0.332070E+06  0.000000E+00  0.000000E+00  0.000000E+00  0.334745E+06
  0.280228E+00  0.304902E+06  0.301716E+06  0.000000E+00  0.000000E+00  0.000000E+00  0.304395E+06
  0.297206E+00  0.280384E+06  0.277542E+06  0.000000E+00  0.000000E+00  0.000000E+00  0.279932E+06
  0.315213E+00  0.258968E+06  0.256507E+06  0.000000E+00  0.000000E+00  0.000000E+00  0.258576E+06
  0.334312E+00  0.236544E+06  0.234195E+06  0.000000E+00  0.000000E+00  0.000000E+00  0.236171E+06
  0.354567E+00  0.216147E+06  0.213959E+06  0.000000E+00  0.000000E+00  0.000000E+00  0.215799E+06
  0.376049E+00  0.198673E+06  0.196739E+06  0.000000E+00  0.000000E+00  0.000000E+00  0.198365E+06
  0.398834E+00  0.181525E+06  0.179725E+06  0.000000E+00  0.000000E+00  0.000000E+00  0.181239E+06
  0.422998E+00  0.165892E+06  0.164241E+06  0.000000E+00  0.000000E+00  0.000000E+00  0.165630E+06
  0.448627E+00  0.151845E+06  0.150353E+06  0.000000E+00  0.000000E+00  0.000000E+00  0.151608E+06
  0.475808E+00  0.138560E+06  0.137183E+06  0.000000E+00  0.000000E+00  0.000000E+00  0.138341E+06
  0.504636E+00  0.126599E+06  0.125350E+06  0.000000E+00  0.000000E+00  0.000000E+00  0.126400E+06
  0.535211E+00  0.115494E+06  0.114350E+06  0.000000E+00  0.000000E+00  0.000000E+00  0.115312E+06
  0.567639E+00  0.105368E+06  0.104327E+06  0.000000E+00  0.000000E+00  0.000000E+00  0.105202E+06
  0.602031E+00  0.960514E+05  0.951016E+05  0.000000E+00  0.000000E+00  0.000000E+00  0.959004E+05
  0.638507E+00  0.875358E+05  0.866711E+05  0.000000E+00  0.000000E+00  0.000000E+00  0.873983E+05
  0.891108E+00  0.512786E+05  0.507721E+05  0.000000E+00  0.000000E+00  0.000000E+00  0.511980E+05
  0.124364E+01  0.296669E+05  0.293740E+05  0.000000E+00  0.000000E+00  0.000000E+00  0.296203E+05
  0.173564E+01  0.169803E+05  0.168127E+05  0.000000E+00  0.000000E+00  0.000000E+00  0.169537E+05
  0.242228E+01  0.962982E+04  0.953476E+04  0.000000E+00  0.000000E+00  0.000000E+00  0.961470E+04
  0.338057E+01  0.541784E+04  0.536435E+04  0.000000E+00  0.000000E+00  0.000000E+00  0.540933E+04
  0.471796E+01  0.302707E+04  0.299716E+04  0.000000E+00  0.000000E+00  0.000000E+00  0.302232E+04
  0.658445E+01  0.168106E+04  0.166442E+04  0.000000E+00  0.000000E+00  0.000000E+00  0.167842E+04
  0.918934E+01  0.928587E+03  0.919363E+03  0.000000E+00  0.000000E+00  0.000000E+00  0.927120E+03
  0.128248E+02  0.510509E+03  0.505402E+03  0.000000E+00  0.000000E+00  0.000000E+00  0.509697E+03
  0.178984E+02  0.279476E+03  0.276642E+03  0.000000E+00  0.000000E+00  0.000000E+00  0.279025E+03
  0.249792E+02  0.152413E+03  0.150827E+03  0.000000E+00  0.000000E+00  0.000000E+00  0.152161E+03
  0.348613E+02  0.828255E+02  0.819207E+02  0.000000E+00  0.000000E+00  0.000000E+00  0.826816E+02
  0.486529E+02  0.448581E+02  0.443228E+02  0.000000E+00  0.000000E+00  0.000000E+00  0.447729E+02
  0.679005E+02  0.242120E+02  0.238758E+02  0.000000E+00  0.000000E+00  0.000000E+00  0.241585E+02
  0.947628E+02  0.130187E+02  0.127890E+02  0.000000E+00  0.000000E+00  0.000000E+00  0.129822E+02
  0.132252E+03  0.696684E+01  0.679376E+01  0.000000E+00  0.000000E+00  0.000000E+00  0.693931E+01
  0.184573E+03  0.370330E+01  0.356139E+01  0.000000E+00  0.000000E+00  0.000000E+00  0.368073E+01
  0.257592E+03  0.194886E+01  0.182672E+01  0.000000E+00  0.000000E+00  0.000000E+00  0.192944E+01
