  0.714286E-04  0.201935E+08  0.201935E+08  0.262014E+08  0.262003E+08  0.000000E+00  0.201935E+08
  0.117766E-03  0.201907E+08  0.201906E+08  0.249964E+08  0.249935E+08  0.000000E+00  0.201907E+08
  0.194163E-03  0.201831E+08  0.201830E+08  0.219728E+08  0.219654E+08  0.000000E+00  0.201831E+08
  0.320121E-03  0.201630E+08  0.201630E+08  0.153746E+08  0.153584E+08  0.000000E+00  0.201630E+08
  0.527790E-03  0.201121E+08  0.201121E+08  0.566864E+07  0.563837E+07  0.000000E+00  0.201121E+08
  0.870178E-03  0.199937E+08  0.199936E+08  0.116193E+07  0.110611E+07  0.000000E+00  0.199937E+08
  0.143468E-02  0.197447E+08  0.197444E+08  0.238368E+06  0.200435E+06  0.000000E+00  0.197446E+08
  0.236539E-02  0.192627E+08  0.192619E+08  0.000000E+00  0.000000E+00  0.000000E+00  0.192626E+08
  0.389987E-02  0.184004E+08  0.183983E+08  0.000000E+00  0.000000E+00  0.000000E+00  0.184000E+08
  0.409982E-02  0.182865E+08  0.182842E+08  0.000000E+00  0.000000E+00  0.000000E+00  0.182861E+08
  0.431002E-02  0.181669E+08  0.181644E+08  0.000000E+00  0.000000E+00  0.000000E+00  0.181665E+08
  0.453100E-02  0.180414E+08  0.180386E+08  0.000000E+00  0.000000E+00  0.000000E+00  0.180409E+08
  0.476331E-02  0.179098E+08  0.179067E+08  0.000000E+00  0.000000E+00  0.000000E+00  0.179092E+08
  0.500753E-02  0.177719E+08  0.177685E+08  0.000000E+00  0.000000E+00  0.000000E+00  0.177713E+08
  0.526427E-02  0.176275E+08  0.176238E+08  0.000000E+00  0.000000E+00  0.000000E+00  0.176268E+08
  0.553418E-02  0.174764E+08  0.174724E+08  0.000000E+00  0.000000E+00  0.000000E+00  0.174757E+08
  0.581792E-02  0.173186E+08  0.173142E+08  0.000000E+00  0.000000E+00  0.000000E+00  0.173178E+08
  0.611621E-02  0.171538E+08  0.171489E+08  0.000000E+00  0.000000E+00  0.000000E+00  0.171529E+08
  0.642980E-02  0.169818E+08  0.169764E+08  0.000000E+00  0.000000E+00  0.000000E+00  0.169808E+08
  0.675946E-02  0.168024E+08  0.167966E+08  0.000000E+00  0.000000E+00  0.000000E+00  0.168014E+08
  0.710602E-02  0.166156E+08  0.166092E+08  0.000000E+00  0.000000E+00  0.000000E+00  0.166144E+08
  0.747036E-02  0.164211E+08  0.164140E+08  0.000000E+00  0.000000E+00  0.000000E+00  0.164198E+08
  0.785337E-02  0.162187E+08  0.162110E+08  0.000000E+00  0.000000E+00  0.000000E+00  0.162173E+08
  0.825602E-02  0.160083E+08  0.159999E+08  0.000000E+00  0.000000E+00  0.000000E+00  0.160068E+08
  0.867932E-02  0.157898E+08  0.157806E+08  0.000000E+00  0.000000E+00  0.000000E+00  0.157882E+08
  0.912431E-02  0.155630E+08  0.155529E+08  0.000000E+00  0.000000E+00  0.000000E+00  0.155612E+08
  0.959213E-02  0.153277E+08  0.153167E+08  0.000000E+00  0.000000E+00  0.000000E+00  0.153257E+08
  0.100839E-01  0.150837E+08  0.150717E+08  0.000000E+00  0.000000E+00  0.000000E+00  0.150816E+08
  0.106009E-01  0.148310E+08  0.148179E+08  0.000000E+00  0.000000E+00  0.000000E+00  0.148286E+08
  0.111445E-01  0.145693E+08  0.145551E+08  0.000000E+00  0.000000E+00  0.000000E+00  0.145668E+08
  0.117159E-01  0.142986E+08  0.142831E+08  0.000000E+00  0.000000E+00  0.000000E+00  0.142959E+08
  0.123165E-01  0.140188E+08  0.140019E+08  0.000000E+00  0.000000E+00  0.000000E+00  0.140158E+08
  0.129480E-01  0.137297E+08  0.137114E+08  0.000000E+00  0.000000E+00  0.000000E+00  0.137265E+08
  0.136119E-01  0.134313E+08  0.134115E+08  0.000000E+00  0.000000E+00  0.000000E+00  0.134278E+08
  0.143098E-01  0.131236E+08  0.131022E+08  0.000000E+00  0.000000E+00  0.000000E+00  0.131198E+08
  0.150434E-01  0.128066E+08  0.127834E+08  0.000000E+00  0.000000E+00  0.000000E+00  0.128025E+08
  0.158147E-01  0.124803E+08  0.124553E+08  0.000000E+00  0.000000E+00  0.000000E+00  0.124759E+08
  0.166256E-01  0.121449E+08  0.121180E+08  0.000000E+00  0.000000E+00  0.000000E+00  0.121401E+08
  0.174780E-01  0.118006E+08  0.117718E+08  0.000000E+00  0.000000E+00  0.000000E+00  0.117955E+08
  0.183741E-01  0.114478E+08  0.114169E+08  0.000000E+00  0.000000E+00  0.000000E+00  0.114423E+08
  0.193162E-01  0.110869E+08  0.110539E+08  0.000000E+00  0.000000E+00  0.000000E+00  0.110810E+08
  0.203065E-01  0.107184E+08  0.106834E+08  0.000000E+00  0.000000E+00  0.000000E+00  0.107122E+08
  0.213477E-01  0.103432E+08  0.103061E+08  0.000000E+00  0.000000E+00  0.000000E+00  0.103367E+08
  0.224422E-01  0.996224E+07  0.992305E+07  0.000000E+00  0.000000E+00  0.000000E+00  0.995529E+07
  0.235928E-01  0.957658E+07  0.953539E+07  0.000000E+00  0.000000E+00  0.000000E+00  0.956928E+07
  0.248025E-01  0.918767E+07  0.914458E+07  0.000000E+00  0.000000E+00  0.000000E+00  0.918002E+07
  0.260741E-01  0.879714E+07  0.875232E+07  0.000000E+00  0.000000E+00  0.000000E+00  0.878919E+07
  0.274110E-01  0.840691E+07  0.836058E+07  0.000000E+00  0.000000E+00  0.000000E+00  0.839869E+07
  0.288163E-01  0.801917E+07  0.797159E+07  0.000000E+00  0.000000E+00  0.000000E+00  0.801073E+07
  0.302938E-01  0.763636E+07  0.758787E+07  0.000000E+00  0.000000E+00  0.000000E+00  0.762776E+07
  0.318470E-01  0.726114E+07  0.721214E+07  0.000000E+00  0.000000E+00  0.000000E+00  0.725245E+07
  0.334798E-01  0.694506E+07  0.689599E+07  0.000000E+00  0.000000E+00  0.000000E+00  0.693635E+07
  0.351964E-01  0.659445E+07  0.654583E+07  0.000000E+00  0.000000E+00  0.000000E+00  0.658583E+07
  0.370009E-01  0.625803E+07  0.621042E+07  0.000000E+00  0.000000E+00  0.000000E+00  0.624958E+07
  0.388980E-01  0.594041E+07  0.589439E+07  0.000000E+00  0.000000E+00  0.000000E+00  0.593224E+07
  0.408923E-01  0.564419E+07  0.560035E+07  0.000000E+00  0.000000E+00  0.000000E+00  0.563642E+07
  0.429889E-01  0.533927E+07  0.529818E+07  0.000000E+00  0.000000E+00  0.000000E+00  0.533198E+07
  0.451930E-01  0.508770E+07  0.504986E+07  0.000000E+00  0.000000E+00  0.000000E+00  0.508098E+07
  0.475101E-01  0.485767E+07  0.482349E+07  0.000000E+00  0.000000E+00  0.000000E+00  0.485161E+07
  0.499460E-01  0.464704E+07  0.461677E+07  0.000000E+00  0.000000E+00  0.000000E+00  0.464167E+07
  0.525068E-01  0.447243E+07  0.444614E+07  0.000000E+00  0.000000E+00  0.000000E+00  0.446776E+07
  0.551989E-01  0.429276E+07  0.427032E+07  0.000000E+00  0.000000E+00  0.000000E+00  0.428878E+07
  0.591671E-01  0.405565E+07  0.403791E+07  0.000000E+00  0.000000E+00  0.000000E+00  0.405251E+07
  0.631354E-01  0.382283E+07  0.380835E+07  0.000000E+00  0.000000E+00  0.000000E+00  0.382026E+07
  0.671036E-01  0.360971E+07  0.359696E+07  0.000000E+00  0.000000E+00  0.000000E+00  0.360745E+07
  0.710719E-01  0.339512E+07  0.338275E+07  0.000000E+00  0.000000E+00  0.000000E+00  0.339292E+07
  0.750402E-01  0.318244E+07  0.316945E+07  0.000000E+00  0.000000E+00  0.000000E+00  0.318013E+07
  0.790084E-01  0.296482E+07  0.295065E+07  0.000000E+00  0.000000E+00  0.000000E+00  0.296230E+07
  0.829767E-01  0.275679E+07  0.274133E+07  0.000000E+00  0.000000E+00  0.000000E+00  0.275405E+07
  0.869449E-01  0.256647E+07  0.255000E+07  0.000000E+00  0.000000E+00  0.000000E+00  0.256355E+07
  0.909132E-01  0.239908E+07  0.238215E+07  0.000000E+00  0.000000E+00  0.000000E+00  0.239607E+07
  0.948814E-01  0.225657E+07  0.223986E+07  0.000000E+00  0.000000E+00  0.000000E+00  0.225361E+07
  0.988497E-01  0.213850E+07  0.212268E+07  0.000000E+00  0.000000E+00  0.000000E+00  0.213569E+07
  0.102818E+00  0.204260E+07  0.202820E+07  0.000000E+00  0.000000E+00  0.000000E+00  0.204005E+07
  0.106786E+00  0.196500E+07  0.195232E+07  0.000000E+00  0.000000E+00  0.000000E+00  0.196275E+07
  0.110754E+00  0.190031E+07  0.188945E+07  0.000000E+00  0.000000E+00  0.000000E+00  0.189839E+07
  0.114723E+00  0.184248E+07  0.183327E+07  0.000000E+00  0.000000E+00  0.000000E+00  0.184085E+07
  0.118691E+00  0.178606E+07  0.177816E+07  0.000000E+00  0.000000E+00  0.000000E+00  0.178465E+07
  0.122659E+00  0.172733E+07  0.172030E+07  0.000000E+00  0.000000E+00  0.000000E+00  0.172608E+07
  0.126627E+00  0.166461E+07  0.165800E+07  0.000000E+00  0.000000E+00  0.000000E+00  0.166344E+07
  0.130596E+00  0.159774E+07  0.159113E+07  0.000000E+00  0.000000E+00  0.000000E+00  0.159657E+07
  0.134564E+00  0.152768E+07  0.152078E+07  0.000000E+00  0.000000E+00  0.000000E+00  0.152646E+07
  0.138532E+00  0.145639E+07  0.144903E+07  0.000000E+00  0.000000E+00  0.000000E+00  0.145508E+07
  0.142500E+00  0.138671E+07  0.137889E+07  0.000000E+00  0.000000E+00  0.000000E+00  0.138532E+07
  0.146469E+00  0.132175E+07  0.131357E+07  0.000000E+00  0.000000E+00  0.000000E+00  0.132030E+07
  0.150437E+00  0.126385E+07  0.125552E+07  0.000000E+00  0.000000E+00  0.000000E+00  0.126237E+07
  0.154405E+00  0.121395E+07  0.120571E+07  0.000000E+00  0.000000E+00  0.000000E+00  0.121249E+07
  0.158373E+00  0.117177E+07  0.116385E+07  0.000000E+00  0.000000E+00  0.000000E+00  0.117036E+07
  0.162342E+00  0.113632E+07  0.112892E+07  0.000000E+00  0.000000E+00  0.000000E+00  0.113501E+07
  0.166310E+00  0.110635E+07  0.109958E+07  0.000000E+00  0.000000E+00  0.000000E+00  0.110515E+07
  0.170278E+00  0.108026E+07  0.107416E+07  0.000000E+00  0.000000E+00  0.000000E+00  0.107918E+07
  0.174247E+00  0.105615E+07  0.105067E+07  0.000000E+00  0.000000E+00  0.000000E+00  0.105518E+07
  0.178215E+00  0.103213E+07  0.102715E+07  0.000000E+00  0.000000E+00  0.000000E+00  0.103125E+07
  0.182183E+00  0.100684E+07  0.100222E+07  0.000000E+00  0.000000E+00  0.000000E+00  0.100602E+07
  0.186151E+00  0.979714E+06  0.975289E+06  0.000000E+00  0.000000E+00  0.000000E+00  0.978929E+06
  0.190120E+00  0.950804E+06  0.946427E+06  0.000000E+00  0.000000E+00  0.000000E+00  0.950028E+06
  0.194088E+00  0.920570E+06  0.916130E+06  0.000000E+00  0.000000E+00  0.000000E+00  0.919783E+06
  0.198056E+00  0.889752E+06  0.885184E+06  0.000000E+00  0.000000E+00  0.000000E+00  0.888941E+06
  0.202024E+00  0.859318E+06  0.854608E+06  0.000000E+00  0.000000E+00  0.000000E+00  0.858483E+06
  0.205993E+00  0.830347E+06  0.825528E+06  0.000000E+00  0.000000E+00  0.000000E+00  0.829492E+06
  0.218473E+00  0.756201E+06  0.751521E+06  0.000000E+00  0.000000E+00  0.000000E+00  0.755371E+06
  0.231710E+00  0.702912E+06  0.699032E+06  0.000000E+00  0.000000E+00  0.000000E+00  0.702224E+06
  0.245749E+00  0.654004E+06  0.650764E+06  0.000000E+00  0.000000E+00  0.000000E+00  0.653429E+06
  0.260638E+00  0.596447E+06  0.593255E+06  0.000000E+00  0.000000E+00  0.000000E+00  0.595881E+06
  0.276430E+00  0.541362E+06  0.538209E+06  0.000000E+00  0.000000E+00  0.000000E+00  0.540803E+06
  0.293178E+00  0.499021E+06  0.496285E+06  0.000000E+00  0.000000E+00  0.000000E+00  0.498536E+06
  0.310941E+00  0.460060E+06  0.457657E+06  0.000000E+00  0.000000E+00  0.000000E+00  0.459634E+06
  0.329781E+00  0.418591E+06  0.416268E+06  0.000000E+00  0.000000E+00  0.000000E+00  0.418179E+06
  0.349762E+00  0.382740E+06  0.380620E+06  0.000000E+00  0.000000E+00  0.000000E+00  0.382364E+06
  0.370953E+00  0.351508E+06  0.349629E+06  0.000000E+00  0.000000E+00  0.000000E+00  0.351174E+06
  0.393428E+00  0.320326E+06  0.318564E+06  0.000000E+00  0.000000E+00  0.000000E+00  0.320014E+06
  0.417265E+00  0.292757E+06  0.291160E+06  0.000000E+00  0.000000E+00  0.000000E+00  0.292474E+06
  0.442547E+00  0.267534E+06  0.266083E+06  0.000000E+00  0.000000E+00  0.000000E+00  0.267277E+06
  0.469360E+00  0.243869E+06  0.242535E+06  0.000000E+00  0.000000E+00  0.000000E+00  0.243632E+06
  0.497797E+00  0.222626E+06  0.221417E+06  0.000000E+00  0.000000E+00  0.000000E+00  0.222412E+06
  0.527958E+00  0.202855E+06  0.201748E+06  0.000000E+00  0.000000E+00  0.000000E+00  0.202658E+06
  0.559946E+00  0.184913E+06  0.183907E+06  0.000000E+00  0.000000E+00  0.000000E+00  0.184734E+06
  0.593872E+00  0.168391E+06  0.167474E+06  0.000000E+00  0.000000E+00  0.000000E+00  0.168228E+06
  0.629853E+00  0.153325E+06  0.152490E+06  0.000000E+00  0.000000E+00  0.000000E+00  0.153177E+06
  0.879031E+00  0.893909E+05  0.889047E+05  0.000000E+00  0.000000E+00  0.000000E+00  0.893047E+05
  0.122679E+01  0.515077E+05  0.512276E+05  0.000000E+00  0.000000E+00  0.000000E+00  0.514580E+05
  0.171212E+01  0.293796E+05  0.292199E+05  0.000000E+00  0.000000E+00  0.000000E+00  0.293513E+05
  0.238945E+01  0.166123E+05  0.165220E+05  0.000000E+00  0.000000E+00  0.000000E+00  0.165963E+05
  0.333475E+01  0.932227E+04  0.927157E+04  0.000000E+00  0.000000E+00  0.000000E+00  0.931328E+04
  0.465402E+01  0.519693E+04  0.516864E+04  0.000000E+00  0.000000E+00  0.000000E+00  0.519191E+04
  0.649521E+01  0.288042E+04  0.286470E+04  0.000000E+00  0.000000E+00  0.000000E+00  0.287763E+04
  0.906480E+01  0.158834E+04  0.157963E+04  0.000000E+00  0.000000E+00  0.000000E+00  0.158680E+04
  0.126509E+02  0.871876E+03  0.867053E+03  0.000000E+00  0.000000E+00  0.000000E+00  0.871021E+03
  0.176558E+02  0.476644E+03  0.473961E+03  0.000000E+00  0.000000E+00  0.000000E+00  0.476168E+03
  0.246407E+02  0.259608E+03  0.258096E+03  0.000000E+00  0.000000E+00  0.000000E+00  0.259340E+03
  0.343888E+02  0.140908E+03  0.140035E+03  0.000000E+00  0.000000E+00  0.000000E+00  0.140753E+03
  0.479935E+02  0.762228E+02  0.756948E+02  0.000000E+00  0.000000E+00  0.000000E+00  0.761292E+02
  0.669803E+02  0.410862E+02  0.407435E+02  0.000000E+00  0.000000E+00  0.000000E+00  0.410254E+02
  0.934785E+02  0.220553E+02  0.218112E+02  0.000000E+00  0.000000E+00  0.000000E+00  0.220120E+02
  0.130460E+03  0.117748E+02  0.115831E+02  0.000000E+00  0.000000E+00  0.000000E+00  0.117408E+02
  0.182071E+03  0.623592E+01  0.607346E+01  0.000000E+00  0.000000E+00  0.000000E+00  0.620710E+01
  0.254101E+03  0.326202E+01  0.311932E+01  0.000000E+00  0.000000E+00  0.000000E+00  0.323670E+01
