    0.10000E-03    0.28884E+03
    0.10202E-03    0.29443E+03
    0.10408E-03    0.30013E+03
    0.10618E-03    0.30595E+03
    0.10833E-03    0.31187E+03
    0.11052E-03    0.31791E+03
    0.11275E-03    0.32407E+03
    0.11503E-03    0.33034E+03
    0.11735E-03    0.33674E+03
    0.11972E-03    0.34326E+03
    0.12214E-03    0.34990E+03
    0.12461E-03    0.35667E+03
    0.12712E-03    0.36358E+03
    0.12969E-03    0.37062E+03
    0.13231E-03    0.37779E+03
    0.13499E-03    0.38510E+03
    0.13771E-03    0.39255E+03
    0.14049E-03    0.40015E+03
    0.14333E-03    0.40789E+03
    0.14623E-03    0.41578E+03
    0.14918E-03    0.42383E+03
    0.15220E-03    0.43202E+03
    0.15527E-03    0.44038E+03
    0.15841E-03    0.44890E+03
    0.16161E-03    0.45758E+03
    0.16487E-03    0.46643E+03
    0.16820E-03    0.47544E+03
    0.17160E-03    0.48464E+03
    0.17507E-03    0.49400E+03
    0.17860E-03    0.50355E+03
    0.18221E-03    0.51328E+03
    0.18589E-03    0.52320E+03
    0.18965E-03    0.53331E+03
    0.19348E-03    0.54361E+03
    0.19739E-03    0.55411E+03
    0.20138E-03    0.56482E+03
    0.20544E-03    0.57572E+03
    0.20959E-03    0.58684E+03
    0.21383E-03    0.59817E+03
    0.21815E-03    0.60971E+03
    0.22255E-03    0.62148E+03
    0.22705E-03    0.63347E+03
    0.23164E-03    0.64569E+03
    0.23632E-03    0.65815E+03
    0.24109E-03    0.67084E+03
    0.24596E-03    0.68377E+03
    0.25093E-03    0.69695E+03
    0.25600E-03    0.71038E+03
    0.26117E-03    0.72407E+03
    0.26645E-03    0.73801E+03
    0.27183E-03    0.75223E+03
    0.27732E-03    0.76671E+03
    0.28292E-03    0.78146E+03
    0.28864E-03    0.79650E+03
    0.29447E-03    0.81182E+03
    0.30042E-03    0.82743E+03
    0.30649E-03    0.84334E+03
    0.31268E-03    0.85954E+03
    0.31899E-03    0.87606E+03
    0.32544E-03    0.89288E+03
    0.33201E-03    0.91002E+03
    0.33872E-03    0.92749E+03
    0.34556E-03    0.94528E+03
    0.35254E-03    0.96341E+03
    0.35966E-03    0.98188E+03
    0.36693E-03    0.10007E+04
    0.37434E-03    0.10199E+04
    0.38190E-03    0.10394E+04
    0.38962E-03    0.10593E+04
    0.39749E-03    0.10795E+04
    0.40552E-03    0.11002E+04
    0.41371E-03    0.11212E+04
    0.42207E-03    0.11426E+04
    0.43060E-03    0.11644E+04
    0.43929E-03    0.11866E+04
    0.44817E-03    0.12092E+04
    0.45722E-03    0.12322E+04
    0.46646E-03    0.12557E+04
    0.47588E-03    0.12796E+04
    0.48550E-03    0.13039E+04
    0.49530E-03    0.13287E+04
    0.50531E-03    0.13539E+04
    0.51552E-03    0.13796E+04
    0.52593E-03    0.14057E+04
    0.53656E-03    0.14324E+04
    0.54739E-03    0.14595E+04
    0.55845E-03    0.14871E+04
    0.56973E-03    0.15151E+04
    0.58124E-03    0.15437E+04
    0.59299E-03    0.15729E+04
    0.60496E-03    0.16025E+04
    0.61719E-03    0.16327E+04
    0.62965E-03    0.16634E+04
    0.64237E-03    0.16946E+04
    0.65535E-03    0.17264E+04
    0.66859E-03    0.17588E+04
    0.68210E-03    0.17917E+04
    0.69588E-03    0.18253E+04
    0.70993E-03    0.18594E+04
    0.72427E-03    0.18941E+04
    0.73891E-03    0.19294E+04
    0.75383E-03    0.19653E+04
    0.76906E-03    0.20019E+04
    0.78460E-03    0.20391E+04
    0.80045E-03    0.20769E+04
    0.81662E-03    0.21154E+04
    0.83311E-03    0.21545E+04
    0.84994E-03    0.21944E+04
    0.86711E-03    0.22349E+04
    0.88463E-03    0.22760E+04
    0.90250E-03    0.23179E+04
    0.92073E-03    0.23605E+04
    0.93933E-03    0.24039E+04
    0.95831E-03    0.24479E+04
    0.97767E-03    0.24927E+04
    0.99742E-03    0.25382E+04
    0.10176E-02    0.25845E+04
    0.10381E-02    0.26316E+04
    0.10591E-02    0.26795E+04
    0.10805E-02    0.27281E+04
    0.11023E-02    0.27776E+04
    0.11246E-02    0.28278E+04
    0.11473E-02    0.28789E+04
    0.11705E-02    0.29308E+04
    0.11941E-02    0.29836E+04
    0.12182E-02    0.30372E+04
    0.12429E-02    0.30917E+04
    0.12680E-02    0.31471E+04
    0.12936E-02    0.32034E+04
    0.13197E-02    0.32605E+04
    0.13464E-02    0.33186E+04
    0.13736E-02    0.33776E+04
    0.14013E-02    0.34376E+04
    0.14296E-02    0.34984E+04
    0.14585E-02    0.35603E+04
    0.14880E-02    0.36231E+04
    0.15180E-02    0.36869E+04
    0.15487E-02    0.37516E+04
    0.15800E-02    0.38174E+04
    0.16119E-02    0.38842E+04
    0.16445E-02    0.39519E+04
    0.16777E-02    0.40207E+04
    0.17116E-02    0.40905E+04
    0.17462E-02    0.41614E+04
    0.17814E-02    0.42333E+04
    0.18174E-02    0.43062E+04
    0.18541E-02    0.43802E+04
    0.18916E-02    0.44552E+04
    0.19298E-02    0.45313E+04
    0.19688E-02    0.46085E+04
    0.20086E-02    0.46868E+04
    0.20491E-02    0.47661E+04
    0.20905E-02    0.48465E+04
    0.21328E-02    0.49281E+04
    0.21758E-02    0.50107E+04
    0.22198E-02    0.50944E+04
    0.22646E-02    0.51792E+04
    0.23104E-02    0.52652E+04
    0.23571E-02    0.53522E+04
    0.24047E-02    0.54404E+04
    0.24533E-02    0.55297E+04
    0.25028E-02    0.56200E+04
    0.25534E-02    0.57115E+04
    0.26050E-02    0.58041E+04
    0.26576E-02    0.58978E+04
    0.27113E-02    0.59925E+04
    0.27660E-02    0.60884E+04
    0.28219E-02    0.61853E+04
    0.28789E-02    0.62833E+04
    0.29371E-02    0.63824E+04
    0.29964E-02    0.64825E+04
    0.30569E-02    0.65836E+04
    0.31187E-02    0.66857E+04
    0.31817E-02    0.67889E+04
    0.32460E-02    0.68930E+04
    0.33115E-02    0.69982E+04
    0.33784E-02    0.71043E+04
    0.34467E-02    0.72113E+04
    0.35163E-02    0.73193E+04
    0.35874E-02    0.74282E+04
    0.36598E-02    0.75379E+04
    0.37338E-02    0.76486E+04
    0.38092E-02    0.77600E+04
    0.38861E-02    0.78723E+04
    0.39646E-02    0.79854E+04
    0.40447E-02    0.80992E+04
    0.41264E-02    0.82138E+04
    0.42098E-02    0.83290E+04
    0.42948E-02    0.84449E+04
    0.43816E-02    0.85614E+04
    0.44701E-02    0.86785E+04
    0.45604E-02    0.87961E+04
    0.46525E-02    0.89142E+04
    0.47465E-02    0.90328E+04
    0.48424E-02    0.91518E+04
    0.49402E-02    0.92711E+04
    0.50400E-02    0.93907E+04
    0.51419E-02    0.95106E+04
    0.52457E-02    0.96307E+04
    0.53517E-02    0.97509E+04
    0.54598E-02    0.98712E+04
    0.55701E-02    0.99915E+04
    0.56826E-02    0.10112E+05
    0.57974E-02    0.10232E+05
    0.59145E-02    0.10352E+05
    0.60340E-02    0.10472E+05
    0.61559E-02    0.10591E+05
    0.62803E-02    0.10710E+05
    0.64072E-02    0.10829E+05
    0.65366E-02    0.10947E+05
    0.66686E-02    0.11064E+05
    0.68033E-02    0.11180E+05
    0.69408E-02    0.11296E+05
    0.70810E-02    0.11411E+05
    0.72240E-02    0.11525E+05
    0.73700E-02    0.11638E+05
    0.75189E-02    0.11749E+05
    0.76708E-02    0.11860E+05
    0.78257E-02    0.11968E+05
    0.79838E-02    0.12076E+05
    0.81451E-02    0.12181E+05
    0.83096E-02    0.12285E+05
    0.84775E-02    0.12387E+05
    0.86488E-02    0.12488E+05
    0.88235E-02    0.12586E+05
    0.90017E-02    0.12681E+05
    0.91836E-02    0.12775E+05
    0.93691E-02    0.12866E+05
    0.95583E-02    0.12954E+05
    0.97514E-02    0.13040E+05
    0.99484E-02    0.13122E+05
    0.10149E-01    0.13202E+05
    0.10354E-01    0.13279E+05
    0.10564E-01    0.13352E+05
    0.10777E-01    0.13421E+05
    0.10995E-01    0.13488E+05
    0.11217E-01    0.13550E+05
    0.11443E-01    0.13609E+05
    0.11675E-01    0.13663E+05
    0.11910E-01    0.13713E+05
    0.12151E-01    0.13759E+05
    0.12397E-01    0.13800E+05
    0.12647E-01    0.13837E+05
    0.12902E-01    0.13869E+05
    0.13163E-01    0.13896E+05
    0.13429E-01    0.13918E+05
    0.13700E-01    0.13934E+05
    0.13977E-01    0.13945E+05
    0.14259E-01    0.13951E+05
    0.14547E-01    0.13951E+05
    0.14841E-01    0.13945E+05
    0.15141E-01    0.13933E+05
    0.15447E-01    0.13915E+05
    0.15759E-01    0.13891E+05
    0.16077E-01    0.13861E+05
    0.16402E-01    0.13824E+05
    0.16734E-01    0.13781E+05
    0.17072E-01    0.13731E+05
    0.17416E-01    0.13674E+05
    0.17768E-01    0.13611E+05
    0.18127E-01    0.13541E+05
    0.18493E-01    0.13464E+05
    0.18867E-01    0.13380E+05
    0.19248E-01    0.13290E+05
    0.19637E-01    0.13192E+05
    0.20034E-01    0.13088E+05
    0.20438E-01    0.12977E+05
    0.20851E-01    0.12860E+05
    0.21272E-01    0.12736E+05
    0.21702E-01    0.12605E+05
    0.22141E-01    0.12468E+05
    0.22588E-01    0.12325E+05
    0.23044E-01    0.12176E+05
    0.23510E-01    0.12021E+05
    0.23985E-01    0.11861E+05
    0.24469E-01    0.11695E+05
    0.24964E-01    0.11524E+05
    0.25468E-01    0.11349E+05
    0.25982E-01    0.11169E+05
    0.26507E-01    0.10986E+05
    0.27043E-01    0.10798E+05
    0.27589E-01    0.10607E+05
    0.28146E-01    0.10413E+05
    0.28715E-01    0.10218E+05
    0.29295E-01    0.10024E+05
    0.29887E-01    0.98258E+04
    0.30490E-01    0.96191E+04
    0.31106E-01    0.94091E+04
    0.31735E-01    0.92180E+04
    0.32376E-01    0.90622E+04
    0.33030E-01    0.89214E+04
    0.33697E-01    0.87625E+04
    0.34378E-01    0.85737E+04
    0.35072E-01    0.83745E+04
    0.35781E-01    0.81830E+04
    0.36504E-01    0.80004E+04
    0.37241E-01    0.78214E+04
    0.37993E-01    0.76451E+04
    0.38761E-01    0.74768E+04
    0.39544E-01    0.73202E+04
    0.40343E-01    0.71655E+04
    0.41158E-01    0.69987E+04
    0.41989E-01    0.68203E+04
    0.42838E-01    0.66510E+04
    0.43703E-01    0.65079E+04
    0.44586E-01    0.63866E+04
    0.45486E-01    0.62744E+04
    0.46405E-01    0.61639E+04
    0.47343E-01    0.60553E+04
    0.48299E-01    0.59498E+04
    0.49275E-01    0.58533E+04
    0.50270E-01    0.57731E+04
    0.51286E-01    0.57084E+04
    0.52322E-01    0.56464E+04
    0.53379E-01    0.55757E+04
    0.54457E-01    0.54989E+04
    0.55557E-01    0.54240E+04
    0.56680E-01    0.53541E+04
    0.57825E-01    0.52846E+04
    0.58993E-01    0.52107E+04
    0.60184E-01    0.51288E+04
    0.61400E-01    0.50412E+04
    0.62641E-01    0.49521E+04
    0.63906E-01    0.48652E+04
    0.65197E-01    0.47795E+04
    0.66514E-01    0.46905E+04
    0.67858E-01    0.45942E+04
    0.69229E-01    0.44902E+04
    0.70627E-01    0.43808E+04
    0.72054E-01    0.42681E+04
    0.73510E-01    0.41508E+04
    0.74994E-01    0.40261E+04
    0.76509E-01    0.38926E+04
    0.78055E-01    0.37530E+04
    0.79632E-01    0.36113E+04
    0.81241E-01    0.34699E+04
    0.82882E-01    0.33302E+04
    0.84556E-01    0.31933E+04
    0.86264E-01    0.30610E+04
    0.88007E-01    0.29347E+04
    0.89785E-01    0.28155E+04
    0.91598E-01    0.27044E+04
    0.93449E-01    0.26020E+04
    0.95337E-01    0.25086E+04
    0.97263E-01    0.24246E+04
    0.99227E-01    0.23499E+04
    0.10123E+00    0.22844E+04
    0.10328E+00    0.22276E+04
    0.10536E+00    0.21787E+04
    0.10749E+00    0.21366E+04
    0.10966E+00    0.20997E+04
    0.11188E+00    0.20662E+04
    0.11414E+00    0.20340E+04
    0.11644E+00    0.20011E+04
    0.11880E+00    0.19655E+04
    0.12120E+00    0.19256E+04
    0.12365E+00    0.18804E+04
    0.12614E+00    0.18291E+04
    0.12869E+00    0.17716E+04
    0.13129E+00    0.17083E+04
    0.13394E+00    0.16398E+04
    0.13665E+00    0.15676E+04
    0.13941E+00    0.14934E+04
    0.14223E+00    0.14197E+04
    0.14510E+00    0.13490E+04
    0.14803E+00    0.12836E+04
    0.15102E+00    0.12250E+04
    0.15407E+00    0.11739E+04
    0.15718E+00    0.11304E+04
    0.16036E+00    0.10940E+04
    0.16360E+00    0.10638E+04
    0.16690E+00    0.10387E+04
    0.17028E+00    0.10172E+04
    0.17371E+00    0.99721E+03
    0.17722E+00    0.97651E+03
    0.18080E+00    0.95307E+03
    0.18446E+00    0.92568E+03
    0.18818E+00    0.89400E+03
    0.19198E+00    0.85846E+03
    0.19586E+00    0.82002E+03
    0.19982E+00    0.78021E+03
    0.20386E+00    0.74096E+03
    0.20797E+00    0.70448E+03
    0.21218E+00    0.67215E+03
    0.21646E+00    0.64432E+03
    0.22083E+00    0.62118E+03
    0.22530E+00    0.60196E+03
    0.22985E+00    0.58523E+03
    0.23449E+00    0.56966E+03
    0.23923E+00    0.55394E+03
    0.24406E+00    0.53680E+03
    0.24899E+00    0.51722E+03
    0.25402E+00    0.49560E+03
    0.25915E+00    0.47311E+03
    0.26439E+00    0.45078E+03
    0.26973E+00    0.42965E+03
    0.27518E+00    0.41065E+03
    0.28074E+00    0.39441E+03
    0.28641E+00    0.38043E+03
    0.29219E+00    0.36776E+03
    0.29810E+00    0.35561E+03
    0.30412E+00    0.34334E+03
    0.31026E+00    0.33039E+03
    0.31653E+00    0.31650E+03
    0.32292E+00    0.30233E+03
    0.32945E+00    0.28874E+03
    0.33610E+00    0.27631E+03
    0.34289E+00    0.26504E+03
    0.34982E+00    0.25476E+03
    0.35689E+00    0.24525E+03
    0.36409E+00    0.23608E+03
    0.37145E+00    0.22682E+03
    0.37895E+00    0.21726E+03
    0.38661E+00    0.20777E+03
    0.39442E+00    0.19875E+03
    0.40239E+00    0.19043E+03
    0.41052E+00    0.18267E+03
    0.41881E+00    0.17529E+03
    0.42727E+00    0.16816E+03
    0.43590E+00    0.16122E+03
    0.44471E+00    0.15444E+03
    0.45369E+00    0.14782E+03
    0.46286E+00    0.14145E+03
    0.47221E+00    0.13544E+03
    0.48174E+00    0.12978E+03
    0.49148E+00    0.12437E+03
    0.50141E+00    0.11911E+03
    0.51153E+00    0.11399E+03
    0.52187E+00    0.10905E+03
    0.53241E+00    0.10435E+03
    0.54317E+00    0.99888E+02
    0.55414E+00    0.95618E+02
    0.56533E+00    0.91502E+02
    0.57675E+00    0.87529E+02
    0.58840E+00    0.83712E+02
    0.60029E+00    0.80063E+02
    0.61242E+00    0.76577E+02
    0.62479E+00    0.73242E+02
    0.63741E+00    0.70046E+02
    0.65029E+00    0.66980E+02
    0.66342E+00    0.64041E+02
    0.67683E+00    0.61223E+02
    0.69050E+00    0.58522E+02
    0.70445E+00    0.55934E+02
    0.71868E+00    0.53455E+02
    0.73320E+00    0.51079E+02
    0.74801E+00    0.48805E+02
    0.76312E+00    0.46626E+02
    0.77854E+00    0.44541E+02
    0.79426E+00    0.42544E+02
    0.81031E+00    0.40634E+02
    0.82668E+00    0.38806E+02
    0.84338E+00    0.37056E+02
    0.86041E+00    0.35383E+02
    0.87780E+00    0.33783E+02
    0.89553E+00    0.32252E+02
    0.91362E+00    0.30789E+02
    0.93208E+00    0.29390E+02
    0.95091E+00    0.28052E+02
    0.97011E+00    0.26773E+02
    0.98971E+00    0.25551E+02
    0.10097E+01    0.24382E+02
    0.10301E+01    0.23265E+02
    0.10509E+01    0.22198E+02
    0.10721E+01    0.21178E+02
    0.10938E+01    0.20204E+02
    0.11159E+01    0.19272E+02
    0.11384E+01    0.18383E+02
    0.11614E+01    0.17533E+02
    0.11849E+01    0.16721E+02
    0.12088E+01    0.15945E+02
    0.12333E+01    0.15205E+02
    0.12582E+01    0.14497E+02
    0.12836E+01    0.13822E+02
    0.13095E+01    0.13177E+02
    0.13360E+01    0.12561E+02
    0.13630E+01    0.11973E+02
    0.13905E+01    0.11412E+02
    0.14186E+01    0.10876E+02
    0.14472E+01    0.10365E+02
    0.14765E+01    0.98774E+01
    0.15063E+01    0.94118E+01
    0.15367E+01    0.89677E+01
    0.15678E+01    0.85439E+01
    0.15994E+01    0.81396E+01
    0.16318E+01    0.77539E+01
    0.16647E+01    0.73860E+01
    0.16984E+01    0.70352E+01
    0.17327E+01    0.67006E+01
    0.17677E+01    0.63815E+01
    0.18034E+01    0.60772E+01
    0.18398E+01    0.57871E+01
    0.18770E+01    0.55105E+01
    0.19149E+01    0.52469E+01
    0.19536E+01    0.49955E+01
    0.19930E+01    0.47559E+01
    0.20333E+01    0.45275E+01
    0.20744E+01    0.43099E+01
    0.21163E+01    0.41024E+01
    0.21590E+01    0.39048E+01
    0.22026E+01    0.37164E+01
    0.22471E+01    0.35369E+01
    0.22925E+01    0.33659E+01
    0.23388E+01    0.32030E+01
    0.23861E+01    0.30478E+01
    0.24343E+01    0.29000E+01
    0.24835E+01    0.27592E+01
    0.25336E+01    0.26251E+01
    0.25848E+01    0.24974E+01
    0.26370E+01    0.23757E+01
    0.26903E+01    0.22599E+01
    0.27447E+01    0.21496E+01
    0.28001E+01    0.20446E+01
    0.28567E+01    0.19446E+01
    0.29144E+01    0.18494E+01
    0.29733E+01    0.17588E+01
    0.30333E+01    0.16726E+01
    0.30946E+01    0.15904E+01
    0.31571E+01    0.15123E+01
    0.32209E+01    0.14379E+01
    0.32860E+01    0.13671E+01
    0.33523E+01    0.12998E+01
    0.34201E+01    0.12357E+01
    0.34892E+01    0.11747E+01
    0.35596E+01    0.11166E+01
    0.36316E+01    0.10614E+01
    0.37049E+01    0.10089E+01
    0.37798E+01    0.95888E+00
    0.38561E+01    0.91134E+00
    0.39340E+01    0.86611E+00
    0.40135E+01    0.82309E+00
    0.40946E+01    0.78218E+00
    0.41773E+01    0.74326E+00
    0.42617E+01    0.70625E+00
    0.43478E+01    0.67106E+00
    0.44356E+01    0.63759E+00
    0.45252E+01    0.60576E+00
    0.46166E+01    0.57550E+00
    0.47099E+01    0.54673E+00
    0.48050E+01    0.51938E+00
    0.49021E+01    0.49337E+00
    0.50011E+01    0.46865E+00
    0.51021E+01    0.44515E+00
    0.52052E+01    0.42280E+00
    0.53104E+01    0.40157E+00
    0.54176E+01    0.38138E+00
    0.55271E+01    0.36220E+00
    0.56387E+01    0.34397E+00
    0.57526E+01    0.32664E+00
    0.58689E+01    0.31017E+00
    0.59874E+01    0.29453E+00
    0.61084E+01    0.27966E+00
    0.62318E+01    0.26553E+00
    0.63577E+01    0.25211E+00
    0.64861E+01    0.23935E+00
    0.66171E+01    0.22723E+00
    0.67508E+01    0.21572E+00
    0.68872E+01    0.20479E+00
    0.70263E+01    0.19440E+00
    0.71682E+01    0.18453E+00
    0.73130E+01    0.17516E+00
    0.74608E+01    0.16625E+00
    0.76115E+01    0.15780E+00
    0.77653E+01    0.14977E+00
    0.79221E+01    0.14214E+00
    0.80822E+01    0.13490E+00
    0.82454E+01    0.12802E+00
    0.84120E+01    0.12148E+00
    0.85819E+01    0.11528E+00
    0.87553E+01    0.10939E+00
    0.89322E+01    0.10380E+00
    0.91126E+01    0.98491E-01
    0.92967E+01    0.93450E-01
    0.94845E+01    0.88664E-01
    0.96761E+01    0.84121E-01
    0.98716E+01    0.79807E-01
    0.10071E+02    0.75713E-01
    0.10274E+02    0.71826E-01
    0.10482E+02    0.68137E-01
    0.10694E+02    0.64635E-01
    0.10910E+02    0.61312E-01
    0.11130E+02    0.58157E-01
    0.11355E+02    0.55163E-01
    0.11584E+02    0.52322E-01
    0.11818E+02    0.49625E-01
    0.12057E+02    0.47066E-01
    0.12301E+02    0.44638E-01
    0.12549E+02    0.42333E-01
    0.12803E+02    0.40147E-01
    0.13061E+02    0.38072E-01
    0.13325E+02    0.36103E-01
    0.13594E+02    0.34236E-01
    0.13869E+02    0.32464E-01
    0.14149E+02    0.30782E-01
    0.14435E+02    0.29187E-01
    0.14727E+02    0.27674E-01
    0.15024E+02    0.26239E-01
    0.15328E+02    0.24877E-01
    0.15637E+02    0.23585E-01
    0.15953E+02    0.22360E-01
    0.16275E+02    0.21198E-01
    0.16604E+02    0.20096E-01
    0.16940E+02    0.19050E-01
    0.17282E+02    0.18059E-01
    0.17631E+02    0.17118E-01
    0.17987E+02    0.16226E-01
    0.18351E+02    0.15380E-01
    0.18721E+02    0.14578E-01
    0.19099E+02    0.13818E-01
    0.19485E+02    0.13096E-01
    0.19879E+02    0.12412E-01
    0.20280E+02    0.11764E-01
    0.20690E+02    0.11149E-01
    0.21108E+02    0.10566E-01
    0.21535E+02    0.10013E-01
    0.21970E+02    0.94886E-02
    0.22413E+02    0.89917E-02
    0.22866E+02    0.85205E-02
    0.23328E+02    0.80739E-02
    0.23799E+02    0.76504E-02
    0.24280E+02    0.72490E-02
    0.24771E+02    0.68684E-02
    0.25271E+02    0.65077E-02
    0.25782E+02    0.61658E-02
    0.26302E+02    0.58417E-02
    0.26834E+02    0.55345E-02
    0.27376E+02    0.52433E-02
    0.27929E+02    0.49673E-02
    0.28493E+02    0.47057E-02
    0.29069E+02    0.44578E-02
    0.29656E+02    0.42229E-02
    0.30255E+02    0.40002E-02
    0.30866E+02    0.37892E-02
    0.31490E+02    0.35892E-02
    0.32126E+02    0.33997E-02
    0.32775E+02    0.32201E-02
    0.33437E+02    0.30499E-02
    0.34112E+02    0.28887E-02
    0.34801E+02    0.27359E-02
    0.35504E+02    0.25911E-02
    0.36222E+02    0.24539E-02
    0.36953E+02    0.23240E-02
    0.37700E+02    0.22008E-02
    0.38462E+02    0.20842E-02
    0.39239E+02    0.19736E-02
    0.40031E+02    0.18689E-02
    0.40840E+02    0.17697E-02
    0.41665E+02    0.16757E-02
    0.42507E+02    0.15867E-02
    0.43365E+02    0.15024E-02
    0.44241E+02    0.14225E-02
    0.45135E+02    0.13468E-02
    0.46047E+02    0.12751E-02
    0.46977E+02    0.12072E-02
    0.47926E+02    0.11429E-02
    0.48894E+02    0.10820E-02
    0.49882E+02    0.10243E-02
    0.50890E+02    0.96966E-03
    0.51918E+02    0.91791E-03
    0.52966E+02    0.86889E-03
    0.54036E+02    0.82247E-03
    0.55128E+02    0.77851E-03
    0.56242E+02    0.73688E-03
    0.57378E+02    0.69745E-03
    0.58537E+02    0.66012E-03
    0.59720E+02    0.62477E-03
    0.60926E+02    0.59129E-03
    0.62157E+02    0.55959E-03
    0.63412E+02    0.52958E-03
    0.64693E+02    0.50116E-03
    0.66000E+02    0.47425E-03
    0.67334E+02    0.44878E-03
    0.68694E+02    0.42465E-03
    0.70082E+02    0.40182E-03
    0.71497E+02    0.38020E-03
    0.72942E+02    0.35973E-03
    0.74415E+02    0.34035E-03
    0.75918E+02    0.32201E-03
    0.77452E+02    0.30464E-03
    0.79017E+02    0.28820E-03
    0.80613E+02    0.27264E-03
    0.82241E+02    0.25790E-03
    0.83903E+02    0.24396E-03
    0.85598E+02    0.23076E-03
    0.87327E+02    0.21826E-03
    0.89091E+02    0.20644E-03
    0.90891E+02    0.19524E-03
    0.92727E+02    0.18465E-03
    0.94600E+02    0.17462E-03
    0.96511E+02    0.16513E-03
    0.98461E+02    0.15615E-03
    0.10045E+03    0.14765E-03
    0.10248E+03    0.13961E-03
    0.10455E+03    0.13199E-03
    0.10666E+03    0.12479E-03
    0.10882E+03    0.11798E-03
    0.11101E+03    0.11153E-03
    0.11326E+03    0.10543E-03
    0.11554E+03    0.99661E-04
    0.11788E+03    0.94201E-04
    0.12026E+03    0.89037E-04
    0.12269E+03    0.84151E-04
    0.12517E+03    0.79529E-04
    0.12770E+03    0.75158E-04
    0.13028E+03    0.71023E-04
    0.13291E+03    0.67112E-04
    0.13559E+03    0.63413E-04
    0.13833E+03    0.59915E-04
    0.14113E+03    0.56605E-04
    0.14398E+03    0.53475E-04
    0.14689E+03    0.50514E-04
    0.14985E+03    0.47713E-04
    0.15288E+03    0.45064E-04
    0.15597E+03    0.42558E-04
    0.15912E+03    0.40187E-04
    0.16233E+03    0.37945E-04
    0.16561E+03    0.35824E-04
    0.16896E+03    0.33817E-04
    0.17237E+03    0.31920E-04
    0.17585E+03    0.30125E-04
    0.17941E+03    0.28428E-04
    0.18303E+03    0.26822E-04
    0.18673E+03    0.25304E-04
    0.19050E+03    0.23869E-04
    0.19435E+03    0.22513E-04
    0.19828E+03    0.21231E-04
    0.20228E+03    0.20021E-04
    0.20637E+03    0.18878E-04
    0.21054E+03    0.17798E-04
    0.21479E+03    0.16779E-04
    0.21913E+03    0.15817E-04
    0.22356E+03    0.14910E-04
    0.22807E+03    0.14054E-04
    0.23268E+03    0.13246E-04
    0.23738E+03    0.12484E-04
    0.24217E+03    0.11766E-04
    0.24707E+03    0.11089E-04
    0.25206E+03    0.10451E-04
