  0.714286E-04  0.184588E+08  0.184588E+08  0.240280E+08  0.240270E+08  0.000000E+00  0.184588E+08
  0.117766E-03  0.184517E+08  0.184517E+08  0.230458E+08  0.230431E+08  0.000000E+00  0.184517E+08
  0.194163E-03  0.184330E+08  0.184329E+08  0.205601E+08  0.205534E+08  0.000000E+00  0.184329E+08
  0.320121E-03  0.183842E+08  0.183842E+08  0.150069E+08  0.149919E+08  0.000000E+00  0.183842E+08
  0.527790E-03  0.182667E+08  0.182667E+08  0.626558E+07  0.623743E+07  0.000000E+00  0.182667E+08
  0.870178E-03  0.180274E+08  0.180273E+08  0.128949E+07  0.123245E+07  0.000000E+00  0.180274E+08
  0.143468E-02  0.176518E+08  0.176515E+08  0.322327E+06  0.270651E+06  0.000000E+00  0.176518E+08
  0.236539E-02  0.171241E+08  0.171233E+08  0.000000E+00  0.000000E+00  0.000000E+00  0.171239E+08
  0.389987E-02  0.163139E+08  0.163118E+08  0.000000E+00  0.000000E+00  0.000000E+00  0.163135E+08
  0.409982E-02  0.162104E+08  0.162081E+08  0.000000E+00  0.000000E+00  0.000000E+00  0.162100E+08
  0.431002E-02  0.161020E+08  0.160995E+08  0.000000E+00  0.000000E+00  0.000000E+00  0.161016E+08
  0.453100E-02  0.159886E+08  0.159859E+08  0.000000E+00  0.000000E+00  0.000000E+00  0.159882E+08
  0.476331E-02  0.158701E+08  0.158670E+08  0.000000E+00  0.000000E+00  0.000000E+00  0.158695E+08
  0.500753E-02  0.157461E+08  0.157428E+08  0.000000E+00  0.000000E+00  0.000000E+00  0.157455E+08
  0.526427E-02  0.156166E+08  0.156130E+08  0.000000E+00  0.000000E+00  0.000000E+00  0.156160E+08
  0.553418E-02  0.154814E+08  0.154774E+08  0.000000E+00  0.000000E+00  0.000000E+00  0.154807E+08
  0.581792E-02  0.153404E+08  0.153359E+08  0.000000E+00  0.000000E+00  0.000000E+00  0.153396E+08
  0.611621E-02  0.151932E+08  0.151884E+08  0.000000E+00  0.000000E+00  0.000000E+00  0.151923E+08
  0.642980E-02  0.150398E+08  0.150345E+08  0.000000E+00  0.000000E+00  0.000000E+00  0.150389E+08
  0.675946E-02  0.148801E+08  0.148743E+08  0.000000E+00  0.000000E+00  0.000000E+00  0.148791E+08
  0.710602E-02  0.147138E+08  0.147074E+08  0.000000E+00  0.000000E+00  0.000000E+00  0.147127E+08
  0.747036E-02  0.145408E+08  0.145338E+08  0.000000E+00  0.000000E+00  0.000000E+00  0.145396E+08
  0.785337E-02  0.143610E+08  0.143533E+08  0.000000E+00  0.000000E+00  0.000000E+00  0.143596E+08
  0.825602E-02  0.141741E+08  0.141657E+08  0.000000E+00  0.000000E+00  0.000000E+00  0.141726E+08
  0.867932E-02  0.139801E+08  0.139709E+08  0.000000E+00  0.000000E+00  0.000000E+00  0.139785E+08
  0.912431E-02  0.137788E+08  0.137688E+08  0.000000E+00  0.000000E+00  0.000000E+00  0.137770E+08
  0.959213E-02  0.135701E+08  0.135591E+08  0.000000E+00  0.000000E+00  0.000000E+00  0.135681E+08
  0.100839E-01  0.133537E+08  0.133418E+08  0.000000E+00  0.000000E+00  0.000000E+00  0.133516E+08
  0.106009E-01  0.131297E+08  0.131166E+08  0.000000E+00  0.000000E+00  0.000000E+00  0.131274E+08
  0.111445E-01  0.128978E+08  0.128836E+08  0.000000E+00  0.000000E+00  0.000000E+00  0.128952E+08
  0.117159E-01  0.126579E+08  0.126424E+08  0.000000E+00  0.000000E+00  0.000000E+00  0.126552E+08
  0.123165E-01  0.124100E+08  0.123932E+08  0.000000E+00  0.000000E+00  0.000000E+00  0.124070E+08
  0.129480E-01  0.121539E+08  0.121356E+08  0.000000E+00  0.000000E+00  0.000000E+00  0.121506E+08
  0.136119E-01  0.118896E+08  0.118698E+08  0.000000E+00  0.000000E+00  0.000000E+00  0.118861E+08
  0.143098E-01  0.116171E+08  0.115957E+08  0.000000E+00  0.000000E+00  0.000000E+00  0.116133E+08
  0.150434E-01  0.113363E+08  0.113132E+08  0.000000E+00  0.000000E+00  0.000000E+00  0.113322E+08
  0.158147E-01  0.110474E+08  0.110225E+08  0.000000E+00  0.000000E+00  0.000000E+00  0.110430E+08
  0.166256E-01  0.107505E+08  0.107237E+08  0.000000E+00  0.000000E+00  0.000000E+00  0.107457E+08
  0.174780E-01  0.104457E+08  0.104169E+08  0.000000E+00  0.000000E+00  0.000000E+00  0.104406E+08
  0.183741E-01  0.101334E+08  0.101026E+08  0.000000E+00  0.000000E+00  0.000000E+00  0.101279E+08
  0.193162E-01  0.981385E+07  0.978100E+07  0.000000E+00  0.000000E+00  0.000000E+00  0.980802E+07
  0.203065E-01  0.948771E+07  0.945277E+07  0.000000E+00  0.000000E+00  0.000000E+00  0.948152E+07
  0.213477E-01  0.915561E+07  0.911857E+07  0.000000E+00  0.000000E+00  0.000000E+00  0.914904E+07
  0.224422E-01  0.881837E+07  0.877927E+07  0.000000E+00  0.000000E+00  0.000000E+00  0.881143E+07
  0.235928E-01  0.847702E+07  0.843592E+07  0.000000E+00  0.000000E+00  0.000000E+00  0.846972E+07
  0.248025E-01  0.813278E+07  0.808980E+07  0.000000E+00  0.000000E+00  0.000000E+00  0.812516E+07
  0.260741E-01  0.778713E+07  0.774242E+07  0.000000E+00  0.000000E+00  0.000000E+00  0.777920E+07
  0.274110E-01  0.744175E+07  0.739553E+07  0.000000E+00  0.000000E+00  0.000000E+00  0.743355E+07
  0.288163E-01  0.709856E+07  0.705110E+07  0.000000E+00  0.000000E+00  0.000000E+00  0.709014E+07
  0.302938E-01  0.675974E+07  0.671137E+07  0.000000E+00  0.000000E+00  0.000000E+00  0.675116E+07
  0.318470E-01  0.642763E+07  0.637875E+07  0.000000E+00  0.000000E+00  0.000000E+00  0.641896E+07
  0.334798E-01  0.614786E+07  0.609890E+07  0.000000E+00  0.000000E+00  0.000000E+00  0.613918E+07
  0.351964E-01  0.583753E+07  0.578902E+07  0.000000E+00  0.000000E+00  0.000000E+00  0.582892E+07
  0.370009E-01  0.553974E+07  0.549223E+07  0.000000E+00  0.000000E+00  0.000000E+00  0.553131E+07
  0.388980E-01  0.525857E+07  0.521266E+07  0.000000E+00  0.000000E+00  0.000000E+00  0.525043E+07
  0.408923E-01  0.499635E+07  0.495260E+07  0.000000E+00  0.000000E+00  0.000000E+00  0.498859E+07
  0.429889E-01  0.472640E+07  0.468540E+07  0.000000E+00  0.000000E+00  0.000000E+00  0.471913E+07
  0.451930E-01  0.450367E+07  0.446592E+07  0.000000E+00  0.000000E+00  0.000000E+00  0.449698E+07
  0.475101E-01  0.430001E+07  0.426589E+07  0.000000E+00  0.000000E+00  0.000000E+00  0.429396E+07
  0.499460E-01  0.411350E+07  0.408328E+07  0.000000E+00  0.000000E+00  0.000000E+00  0.410814E+07
  0.525068E-01  0.395885E+07  0.393261E+07  0.000000E+00  0.000000E+00  0.000000E+00  0.395419E+07
  0.551989E-01  0.379977E+07  0.377736E+07  0.000000E+00  0.000000E+00  0.000000E+00  0.379579E+07
  0.591671E-01  0.358984E+07  0.357213E+07  0.000000E+00  0.000000E+00  0.000000E+00  0.358670E+07
  0.631354E-01  0.338373E+07  0.336927E+07  0.000000E+00  0.000000E+00  0.000000E+00  0.338117E+07
  0.671036E-01  0.319505E+07  0.318232E+07  0.000000E+00  0.000000E+00  0.000000E+00  0.319279E+07
  0.710719E-01  0.300510E+07  0.299275E+07  0.000000E+00  0.000000E+00  0.000000E+00  0.300291E+07
  0.750402E-01  0.281689E+07  0.280393E+07  0.000000E+00  0.000000E+00  0.000000E+00  0.281459E+07
  0.790084E-01  0.262432E+07  0.261017E+07  0.000000E+00  0.000000E+00  0.000000E+00  0.262181E+07
  0.829767E-01  0.244022E+07  0.242480E+07  0.000000E+00  0.000000E+00  0.000000E+00  0.243749E+07
  0.869449E-01  0.227180E+07  0.225536E+07  0.000000E+00  0.000000E+00  0.000000E+00  0.226888E+07
  0.909132E-01  0.212364E+07  0.210675E+07  0.000000E+00  0.000000E+00  0.000000E+00  0.212065E+07
  0.948814E-01  0.199752E+07  0.198085E+07  0.000000E+00  0.000000E+00  0.000000E+00  0.199456E+07
  0.988497E-01  0.189301E+07  0.187722E+07  0.000000E+00  0.000000E+00  0.000000E+00  0.189020E+07
  0.102818E+00  0.180810E+07  0.179373E+07  0.000000E+00  0.000000E+00  0.000000E+00  0.180555E+07
  0.106786E+00  0.173938E+07  0.172673E+07  0.000000E+00  0.000000E+00  0.000000E+00  0.173714E+07
  0.110754E+00  0.168209E+07  0.167124E+07  0.000000E+00  0.000000E+00  0.000000E+00  0.168017E+07
  0.114723E+00  0.163088E+07  0.162168E+07  0.000000E+00  0.000000E+00  0.000000E+00  0.162924E+07
  0.118691E+00  0.158091E+07  0.157303E+07  0.000000E+00  0.000000E+00  0.000000E+00  0.157951E+07
  0.122659E+00  0.152892E+07  0.152191E+07  0.000000E+00  0.000000E+00  0.000000E+00  0.152768E+07
  0.126627E+00  0.147340E+07  0.146680E+07  0.000000E+00  0.000000E+00  0.000000E+00  0.147223E+07
  0.130596E+00  0.141422E+07  0.140762E+07  0.000000E+00  0.000000E+00  0.000000E+00  0.141304E+07
  0.134564E+00  0.135222E+07  0.134532E+07  0.000000E+00  0.000000E+00  0.000000E+00  0.135099E+07
  0.138532E+00  0.128913E+07  0.128178E+07  0.000000E+00  0.000000E+00  0.000000E+00  0.128783E+07
  0.142500E+00  0.122747E+07  0.121966E+07  0.000000E+00  0.000000E+00  0.000000E+00  0.122608E+07
  0.146469E+00  0.116998E+07  0.116182E+07  0.000000E+00  0.000000E+00  0.000000E+00  0.116853E+07
  0.150437E+00  0.111874E+07  0.111042E+07  0.000000E+00  0.000000E+00  0.000000E+00  0.111726E+07
  0.154405E+00  0.107457E+07  0.106635E+07  0.000000E+00  0.000000E+00  0.000000E+00  0.107311E+07
  0.158373E+00  0.103723E+07  0.102933E+07  0.000000E+00  0.000000E+00  0.000000E+00  0.103583E+07
  0.162342E+00  0.100585E+07  0.998467E+06  0.000000E+00  0.000000E+00  0.000000E+00  0.100454E+07
  0.166310E+00  0.979315E+06  0.972558E+06  0.000000E+00  0.000000E+00  0.000000E+00  0.978116E+06
  0.170278E+00  0.956209E+06  0.950116E+06  0.000000E+00  0.000000E+00  0.000000E+00  0.955128E+06
  0.174247E+00  0.934854E+06  0.929379E+06  0.000000E+00  0.000000E+00  0.000000E+00  0.933883E+06
  0.178215E+00  0.913585E+06  0.908616E+06  0.000000E+00  0.000000E+00  0.000000E+00  0.912704E+06
  0.182183E+00  0.891201E+06  0.886588E+06  0.000000E+00  0.000000E+00  0.000000E+00  0.890383E+06
  0.186151E+00  0.867185E+06  0.862767E+06  0.000000E+00  0.000000E+00  0.000000E+00  0.866401E+06
  0.190120E+00  0.841596E+06  0.837226E+06  0.000000E+00  0.000000E+00  0.000000E+00  0.840820E+06
  0.194088E+00  0.814841E+06  0.810408E+06  0.000000E+00  0.000000E+00  0.000000E+00  0.814054E+06
  0.198056E+00  0.787568E+06  0.783008E+06  0.000000E+00  0.000000E+00  0.000000E+00  0.786759E+06
  0.202024E+00  0.760637E+06  0.755936E+06  0.000000E+00  0.000000E+00  0.000000E+00  0.759803E+06
  0.205993E+00  0.734998E+06  0.730188E+06  0.000000E+00  0.000000E+00  0.000000E+00  0.734145E+06
  0.218473E+00  0.669371E+06  0.664700E+06  0.000000E+00  0.000000E+00  0.000000E+00  0.668542E+06
  0.231710E+00  0.622191E+06  0.618318E+06  0.000000E+00  0.000000E+00  0.000000E+00  0.621504E+06
  0.245749E+00  0.578894E+06  0.575658E+06  0.000000E+00  0.000000E+00  0.000000E+00  0.578320E+06
  0.260638E+00  0.527951E+06  0.524764E+06  0.000000E+00  0.000000E+00  0.000000E+00  0.527386E+06
  0.276430E+00  0.479196E+06  0.476049E+06  0.000000E+00  0.000000E+00  0.000000E+00  0.478638E+06
  0.293178E+00  0.441714E+06  0.438983E+06  0.000000E+00  0.000000E+00  0.000000E+00  0.441230E+06
  0.310941E+00  0.407225E+06  0.404826E+06  0.000000E+00  0.000000E+00  0.000000E+00  0.406799E+06
  0.329781E+00  0.370521E+06  0.368203E+06  0.000000E+00  0.000000E+00  0.000000E+00  0.370110E+06
  0.349762E+00  0.338787E+06  0.336671E+06  0.000000E+00  0.000000E+00  0.000000E+00  0.338411E+06
  0.370953E+00  0.311140E+06  0.309264E+06  0.000000E+00  0.000000E+00  0.000000E+00  0.310807E+06
  0.393428E+00  0.283541E+06  0.281782E+06  0.000000E+00  0.000000E+00  0.000000E+00  0.283229E+06
  0.417265E+00  0.259137E+06  0.257543E+06  0.000000E+00  0.000000E+00  0.000000E+00  0.258854E+06
  0.442547E+00  0.236811E+06  0.235363E+06  0.000000E+00  0.000000E+00  0.000000E+00  0.236554E+06
  0.469360E+00  0.215864E+06  0.214532E+06  0.000000E+00  0.000000E+00  0.000000E+00  0.215628E+06
  0.497797E+00  0.197060E+06  0.195853E+06  0.000000E+00  0.000000E+00  0.000000E+00  0.196846E+06
  0.527958E+00  0.179559E+06  0.178455E+06  0.000000E+00  0.000000E+00  0.000000E+00  0.179363E+06
  0.559946E+00  0.163677E+06  0.162673E+06  0.000000E+00  0.000000E+00  0.000000E+00  0.163499E+06
  0.593872E+00  0.149053E+06  0.148137E+06  0.000000E+00  0.000000E+00  0.000000E+00  0.148891E+06
  0.629853E+00  0.135717E+06  0.134884E+06  0.000000E+00  0.000000E+00  0.000000E+00  0.135570E+06
  0.879031E+00  0.791255E+05  0.786401E+05  0.000000E+00  0.000000E+00  0.000000E+00  0.790394E+05
  0.122679E+01  0.455926E+05  0.453130E+05  0.000000E+00  0.000000E+00  0.000000E+00  0.455430E+05
  0.171212E+01  0.260057E+05  0.258463E+05  0.000000E+00  0.000000E+00  0.000000E+00  0.259775E+05
  0.238945E+01  0.147045E+05  0.146144E+05  0.000000E+00  0.000000E+00  0.000000E+00  0.146885E+05
  0.333475E+01  0.825173E+04  0.820112E+04  0.000000E+00  0.000000E+00  0.000000E+00  0.824275E+04
  0.465402E+01  0.460013E+04  0.457189E+04  0.000000E+00  0.000000E+00  0.000000E+00  0.459512E+04
  0.649521E+01  0.254964E+04  0.253396E+04  0.000000E+00  0.000000E+00  0.000000E+00  0.254686E+04
  0.906480E+01  0.140594E+04  0.139725E+04  0.000000E+00  0.000000E+00  0.000000E+00  0.140440E+04
  0.126509E+02  0.771755E+03  0.766944E+03  0.000000E+00  0.000000E+00  0.000000E+00  0.770901E+03
  0.176558E+02  0.421909E+03  0.419234E+03  0.000000E+00  0.000000E+00  0.000000E+00  0.421434E+03
  0.246407E+02  0.229797E+03  0.228292E+03  0.000000E+00  0.000000E+00  0.000000E+00  0.229530E+03
  0.343888E+02  0.124728E+03  0.123861E+03  0.000000E+00  0.000000E+00  0.000000E+00  0.124574E+03
  0.479935E+02  0.674712E+02  0.669491E+02  0.000000E+00  0.000000E+00  0.000000E+00  0.673786E+02
  0.669803E+02  0.363698E+02  0.360329E+02  0.000000E+00  0.000000E+00  0.000000E+00  0.363101E+02
  0.934785E+02  0.195244E+02  0.192862E+02  0.000000E+00  0.000000E+00  0.000000E+00  0.194822E+02
  0.130460E+03  0.104246E+02  0.102389E+02  0.000000E+00  0.000000E+00  0.000000E+00  0.103917E+02
  0.182071E+03  0.552183E+01  0.536533E+01  0.000000E+00  0.000000E+00  0.000000E+00  0.549407E+01
  0.254101E+03  0.288937E+01  0.275249E+01  0.000000E+00  0.000000E+00  0.000000E+00  0.286509E+01
