  0.714286E-04  0.194890E+08  0.194890E+08  0.253297E+08  0.253287E+08  0.000000E+00  0.194890E+08
  0.117766E-03  0.194804E+08  0.194804E+08  0.242279E+08  0.242251E+08  0.000000E+00  0.194804E+08
  0.194163E-03  0.194577E+08  0.194577E+08  0.214518E+08  0.214447E+08  0.000000E+00  0.194577E+08
  0.320121E-03  0.193989E+08  0.193988E+08  0.153254E+08  0.153094E+08  0.000000E+00  0.193988E+08
  0.527790E-03  0.192586E+08  0.192585E+08  0.601329E+07  0.598236E+07  0.000000E+00  0.192586E+08
  0.870178E-03  0.189798E+08  0.189797E+08  0.122398E+07  0.115927E+07  0.000000E+00  0.189798E+08
  0.143468E-02  0.185604E+08  0.185601E+08  0.254777E+06  0.191371E+06  0.000000E+00  0.185603E+08
  0.236539E-02  0.179932E+08  0.179924E+08  0.000000E+00  0.000000E+00  0.000000E+00  0.179931E+08
  0.389987E-02  0.171371E+08  0.171350E+08  0.000000E+00  0.000000E+00  0.000000E+00  0.171367E+08
  0.409982E-02  0.170280E+08  0.170258E+08  0.000000E+00  0.000000E+00  0.000000E+00  0.170276E+08
  0.431002E-02  0.169140E+08  0.169115E+08  0.000000E+00  0.000000E+00  0.000000E+00  0.169135E+08
  0.453100E-02  0.167946E+08  0.167919E+08  0.000000E+00  0.000000E+00  0.000000E+00  0.167942E+08
  0.476331E-02  0.166699E+08  0.166669E+08  0.000000E+00  0.000000E+00  0.000000E+00  0.166694E+08
  0.500753E-02  0.165395E+08  0.165362E+08  0.000000E+00  0.000000E+00  0.000000E+00  0.165389E+08
  0.526427E-02  0.164034E+08  0.163997E+08  0.000000E+00  0.000000E+00  0.000000E+00  0.164027E+08
  0.553418E-02  0.162612E+08  0.162572E+08  0.000000E+00  0.000000E+00  0.000000E+00  0.162605E+08
  0.581792E-02  0.161128E+08  0.161084E+08  0.000000E+00  0.000000E+00  0.000000E+00  0.161121E+08
  0.611621E-02  0.159582E+08  0.159533E+08  0.000000E+00  0.000000E+00  0.000000E+00  0.159573E+08
  0.642980E-02  0.157970E+08  0.157916E+08  0.000000E+00  0.000000E+00  0.000000E+00  0.157960E+08
  0.675946E-02  0.156291E+08  0.156232E+08  0.000000E+00  0.000000E+00  0.000000E+00  0.156280E+08
  0.710602E-02  0.154543E+08  0.154479E+08  0.000000E+00  0.000000E+00  0.000000E+00  0.154532E+08
  0.747036E-02  0.152726E+08  0.152655E+08  0.000000E+00  0.000000E+00  0.000000E+00  0.152713E+08
  0.785337E-02  0.150836E+08  0.150759E+08  0.000000E+00  0.000000E+00  0.000000E+00  0.150822E+08
  0.825602E-02  0.148873E+08  0.148789E+08  0.000000E+00  0.000000E+00  0.000000E+00  0.148858E+08
  0.867932E-02  0.146835E+08  0.146743E+08  0.000000E+00  0.000000E+00  0.000000E+00  0.146818E+08
  0.912431E-02  0.144720E+08  0.144619E+08  0.000000E+00  0.000000E+00  0.000000E+00  0.144702E+08
  0.959213E-02  0.142527E+08  0.142417E+08  0.000000E+00  0.000000E+00  0.000000E+00  0.142507E+08
  0.100839E-01  0.140254E+08  0.140134E+08  0.000000E+00  0.000000E+00  0.000000E+00  0.140233E+08
  0.106009E-01  0.137900E+08  0.137769E+08  0.000000E+00  0.000000E+00  0.000000E+00  0.137877E+08
  0.111445E-01  0.135464E+08  0.135322E+08  0.000000E+00  0.000000E+00  0.000000E+00  0.135439E+08
  0.117159E-01  0.132944E+08  0.132789E+08  0.000000E+00  0.000000E+00  0.000000E+00  0.132917E+08
  0.123165E-01  0.130340E+08  0.130172E+08  0.000000E+00  0.000000E+00  0.000000E+00  0.130310E+08
  0.129480E-01  0.127650E+08  0.127467E+08  0.000000E+00  0.000000E+00  0.000000E+00  0.127618E+08
  0.136119E-01  0.124874E+08  0.124676E+08  0.000000E+00  0.000000E+00  0.000000E+00  0.124839E+08
  0.143098E-01  0.122011E+08  0.121797E+08  0.000000E+00  0.000000E+00  0.000000E+00  0.121973E+08
  0.150434E-01  0.119062E+08  0.118831E+08  0.000000E+00  0.000000E+00  0.000000E+00  0.119021E+08
  0.158147E-01  0.116028E+08  0.115778E+08  0.000000E+00  0.000000E+00  0.000000E+00  0.115983E+08
  0.166256E-01  0.112909E+08  0.112640E+08  0.000000E+00  0.000000E+00  0.000000E+00  0.112861E+08
  0.174780E-01  0.109707E+08  0.109419E+08  0.000000E+00  0.000000E+00  0.000000E+00  0.109656E+08
  0.183741E-01  0.106426E+08  0.106118E+08  0.000000E+00  0.000000E+00  0.000000E+00  0.106372E+08
  0.193162E-01  0.103070E+08  0.102742E+08  0.000000E+00  0.000000E+00  0.000000E+00  0.103012E+08
  0.203065E-01  0.996449E+07  0.992951E+07  0.000000E+00  0.000000E+00  0.000000E+00  0.995828E+07
  0.213477E-01  0.961566E+07  0.957859E+07  0.000000E+00  0.000000E+00  0.000000E+00  0.960908E+07
  0.224422E-01  0.926143E+07  0.922230E+07  0.000000E+00  0.000000E+00  0.000000E+00  0.925449E+07
  0.235928E-01  0.890290E+07  0.886177E+07  0.000000E+00  0.000000E+00  0.000000E+00  0.889560E+07
  0.248025E-01  0.854134E+07  0.849832E+07  0.000000E+00  0.000000E+00  0.000000E+00  0.853371E+07
  0.260741E-01  0.817828E+07  0.813354E+07  0.000000E+00  0.000000E+00  0.000000E+00  0.817035E+07
  0.274110E-01  0.781552E+07  0.776926E+07  0.000000E+00  0.000000E+00  0.000000E+00  0.780731E+07
  0.288163E-01  0.745506E+07  0.740756E+07  0.000000E+00  0.000000E+00  0.000000E+00  0.744664E+07
  0.302938E-01  0.709920E+07  0.705078E+07  0.000000E+00  0.000000E+00  0.000000E+00  0.709061E+07
  0.318470E-01  0.675038E+07  0.670146E+07  0.000000E+00  0.000000E+00  0.000000E+00  0.674171E+07
  0.334798E-01  0.645654E+07  0.640755E+07  0.000000E+00  0.000000E+00  0.000000E+00  0.644785E+07
  0.351964E-01  0.613061E+07  0.608206E+07  0.000000E+00  0.000000E+00  0.000000E+00  0.612200E+07
  0.370009E-01  0.581785E+07  0.577031E+07  0.000000E+00  0.000000E+00  0.000000E+00  0.580942E+07
  0.388980E-01  0.552257E+07  0.547661E+07  0.000000E+00  0.000000E+00  0.000000E+00  0.551441E+07
  0.408923E-01  0.524718E+07  0.520340E+07  0.000000E+00  0.000000E+00  0.000000E+00  0.523941E+07
  0.429889E-01  0.496368E+07  0.492265E+07  0.000000E+00  0.000000E+00  0.000000E+00  0.495640E+07
  0.451930E-01  0.472978E+07  0.469200E+07  0.000000E+00  0.000000E+00  0.000000E+00  0.472308E+07
  0.475101E-01  0.451591E+07  0.448177E+07  0.000000E+00  0.000000E+00  0.000000E+00  0.450985E+07
  0.499460E-01  0.432005E+07  0.428982E+07  0.000000E+00  0.000000E+00  0.000000E+00  0.431469E+07
  0.525068E-01  0.415766E+07  0.413140E+07  0.000000E+00  0.000000E+00  0.000000E+00  0.415300E+07
  0.551989E-01  0.399061E+07  0.396820E+07  0.000000E+00  0.000000E+00  0.000000E+00  0.398664E+07
  0.591671E-01  0.377017E+07  0.375245E+07  0.000000E+00  0.000000E+00  0.000000E+00  0.376703E+07
  0.631354E-01  0.355373E+07  0.353926E+07  0.000000E+00  0.000000E+00  0.000000E+00  0.355116E+07
  0.671036E-01  0.335557E+07  0.334284E+07  0.000000E+00  0.000000E+00  0.000000E+00  0.335331E+07
  0.710719E-01  0.315608E+07  0.314373E+07  0.000000E+00  0.000000E+00  0.000000E+00  0.315389E+07
  0.750402E-01  0.295841E+07  0.294543E+07  0.000000E+00  0.000000E+00  0.000000E+00  0.295610E+07
  0.790084E-01  0.275614E+07  0.274199E+07  0.000000E+00  0.000000E+00  0.000000E+00  0.275363E+07
  0.829767E-01  0.256278E+07  0.254734E+07  0.000000E+00  0.000000E+00  0.000000E+00  0.256004E+07
  0.869449E-01  0.238587E+07  0.236942E+07  0.000000E+00  0.000000E+00  0.000000E+00  0.238295E+07
  0.909132E-01  0.223027E+07  0.221336E+07  0.000000E+00  0.000000E+00  0.000000E+00  0.222727E+07
  0.948814E-01  0.209780E+07  0.208112E+07  0.000000E+00  0.000000E+00  0.000000E+00  0.209484E+07
  0.988497E-01  0.198804E+07  0.197224E+07  0.000000E+00  0.000000E+00  0.000000E+00  0.198524E+07
  0.102818E+00  0.189888E+07  0.188450E+07  0.000000E+00  0.000000E+00  0.000000E+00  0.189633E+07
  0.106786E+00  0.182672E+07  0.181406E+07  0.000000E+00  0.000000E+00  0.000000E+00  0.182447E+07
  0.110754E+00  0.176657E+07  0.175571E+07  0.000000E+00  0.000000E+00  0.000000E+00  0.176464E+07
  0.114723E+00  0.171279E+07  0.170359E+07  0.000000E+00  0.000000E+00  0.000000E+00  0.171116E+07
  0.118691E+00  0.166033E+07  0.165244E+07  0.000000E+00  0.000000E+00  0.000000E+00  0.165893E+07
  0.122659E+00  0.160573E+07  0.159871E+07  0.000000E+00  0.000000E+00  0.000000E+00  0.160448E+07
  0.126627E+00  0.154742E+07  0.154081E+07  0.000000E+00  0.000000E+00  0.000000E+00  0.154625E+07
  0.130596E+00  0.148526E+07  0.147866E+07  0.000000E+00  0.000000E+00  0.000000E+00  0.148409E+07
  0.134564E+00  0.142014E+07  0.141324E+07  0.000000E+00  0.000000E+00  0.000000E+00  0.141892E+07
  0.138532E+00  0.135388E+07  0.134653E+07  0.000000E+00  0.000000E+00  0.000000E+00  0.135257E+07
  0.142500E+00  0.128912E+07  0.128130E+07  0.000000E+00  0.000000E+00  0.000000E+00  0.128773E+07
  0.146469E+00  0.122873E+07  0.122056E+07  0.000000E+00  0.000000E+00  0.000000E+00  0.122728E+07
  0.150437E+00  0.117491E+07  0.116659E+07  0.000000E+00  0.000000E+00  0.000000E+00  0.117343E+07
  0.154405E+00  0.112853E+07  0.112030E+07  0.000000E+00  0.000000E+00  0.000000E+00  0.112707E+07
  0.158373E+00  0.108931E+07  0.108140E+07  0.000000E+00  0.000000E+00  0.000000E+00  0.108791E+07
  0.162342E+00  0.105636E+07  0.104897E+07  0.000000E+00  0.000000E+00  0.000000E+00  0.105505E+07
  0.166310E+00  0.102849E+07  0.102173E+07  0.000000E+00  0.000000E+00  0.000000E+00  0.102729E+07
  0.170278E+00  0.100423E+07  0.998134E+06  0.000000E+00  0.000000E+00  0.000000E+00  0.100315E+07
  0.174247E+00  0.981807E+06  0.976329E+06  0.000000E+00  0.000000E+00  0.000000E+00  0.980836E+06
  0.178215E+00  0.959474E+06  0.954502E+06  0.000000E+00  0.000000E+00  0.000000E+00  0.958592E+06
  0.182183E+00  0.935967E+06  0.931352E+06  0.000000E+00  0.000000E+00  0.000000E+00  0.935149E+06
  0.186151E+00  0.910746E+06  0.906325E+06  0.000000E+00  0.000000E+00  0.000000E+00  0.909961E+06
  0.190120E+00  0.883870E+06  0.879498E+06  0.000000E+00  0.000000E+00  0.000000E+00  0.883095E+06
  0.194088E+00  0.855770E+06  0.851334E+06  0.000000E+00  0.000000E+00  0.000000E+00  0.854983E+06
  0.198056E+00  0.827125E+06  0.822562E+06  0.000000E+00  0.000000E+00  0.000000E+00  0.826315E+06
  0.202024E+00  0.798838E+06  0.794134E+06  0.000000E+00  0.000000E+00  0.000000E+00  0.798004E+06
  0.205993E+00  0.771910E+06  0.767096E+06  0.000000E+00  0.000000E+00  0.000000E+00  0.771056E+06
  0.218473E+00  0.702984E+06  0.698310E+06  0.000000E+00  0.000000E+00  0.000000E+00  0.702155E+06
  0.231710E+00  0.653439E+06  0.649563E+06  0.000000E+00  0.000000E+00  0.000000E+00  0.652751E+06
  0.245749E+00  0.607970E+06  0.604733E+06  0.000000E+00  0.000000E+00  0.000000E+00  0.607396E+06
  0.260638E+00  0.554467E+06  0.551278E+06  0.000000E+00  0.000000E+00  0.000000E+00  0.553901E+06
  0.276430E+00  0.503261E+06  0.500112E+06  0.000000E+00  0.000000E+00  0.000000E+00  0.502702E+06
  0.293178E+00  0.463898E+06  0.461165E+06  0.000000E+00  0.000000E+00  0.000000E+00  0.463413E+06
  0.310941E+00  0.427678E+06  0.425278E+06  0.000000E+00  0.000000E+00  0.000000E+00  0.427252E+06
  0.329781E+00  0.389129E+06  0.386810E+06  0.000000E+00  0.000000E+00  0.000000E+00  0.388718E+06
  0.349762E+00  0.355801E+06  0.353684E+06  0.000000E+00  0.000000E+00  0.000000E+00  0.355426E+06
  0.370953E+00  0.326766E+06  0.324890E+06  0.000000E+00  0.000000E+00  0.000000E+00  0.326433E+06
  0.393428E+00  0.297781E+06  0.296021E+06  0.000000E+00  0.000000E+00  0.000000E+00  0.297469E+06
  0.417265E+00  0.272152E+06  0.270557E+06  0.000000E+00  0.000000E+00  0.000000E+00  0.271869E+06
  0.442547E+00  0.248705E+06  0.247255E+06  0.000000E+00  0.000000E+00  0.000000E+00  0.248447E+06
  0.469360E+00  0.226705E+06  0.225372E+06  0.000000E+00  0.000000E+00  0.000000E+00  0.226469E+06
  0.497797E+00  0.206957E+06  0.205750E+06  0.000000E+00  0.000000E+00  0.000000E+00  0.206743E+06
  0.527958E+00  0.188577E+06  0.187472E+06  0.000000E+00  0.000000E+00  0.000000E+00  0.188381E+06
  0.559946E+00  0.171898E+06  0.170893E+06  0.000000E+00  0.000000E+00  0.000000E+00  0.171719E+06
  0.593872E+00  0.156539E+06  0.155623E+06  0.000000E+00  0.000000E+00  0.000000E+00  0.156377E+06
  0.629853E+00  0.142533E+06  0.141700E+06  0.000000E+00  0.000000E+00  0.000000E+00  0.142386E+06
  0.879031E+00  0.830994E+05  0.826137E+05  0.000000E+00  0.000000E+00  0.000000E+00  0.830133E+05
  0.122679E+01  0.478824E+05  0.476026E+05  0.000000E+00  0.000000E+00  0.000000E+00  0.478327E+05
  0.171212E+01  0.273118E+05  0.271523E+05  0.000000E+00  0.000000E+00  0.000000E+00  0.272835E+05
  0.238945E+01  0.154430E+05  0.153528E+05  0.000000E+00  0.000000E+00  0.000000E+00  0.154270E+05
  0.333475E+01  0.866615E+04  0.861552E+04  0.000000E+00  0.000000E+00  0.000000E+00  0.865717E+04
  0.465402E+01  0.483116E+04  0.480290E+04  0.000000E+00  0.000000E+00  0.000000E+00  0.482615E+04
  0.649521E+01  0.267769E+04  0.266200E+04  0.000000E+00  0.000000E+00  0.000000E+00  0.267491E+04
  0.906480E+01  0.147655E+04  0.146785E+04  0.000000E+00  0.000000E+00  0.000000E+00  0.147501E+04
  0.126509E+02  0.810514E+03  0.805699E+03  0.000000E+00  0.000000E+00  0.000000E+00  0.809660E+03
  0.176558E+02  0.443098E+03  0.440420E+03  0.000000E+00  0.000000E+00  0.000000E+00  0.442623E+03
  0.246407E+02  0.241337E+03  0.239830E+03  0.000000E+00  0.000000E+00  0.000000E+00  0.241070E+03
  0.343888E+02  0.130991E+03  0.130122E+03  0.000000E+00  0.000000E+00  0.000000E+00  0.130837E+03
  0.479935E+02  0.708590E+02  0.703349E+02  0.000000E+00  0.000000E+00  0.000000E+00  0.707660E+02
  0.669803E+02  0.381956E+02  0.378568E+02  0.000000E+00  0.000000E+00  0.000000E+00  0.381355E+02
  0.934785E+02  0.205042E+02  0.202640E+02  0.000000E+00  0.000000E+00  0.000000E+00  0.204616E+02
  0.130460E+03  0.109473E+02  0.107596E+02  0.000000E+00  0.000000E+00  0.000000E+00  0.109140E+02
  0.182071E+03  0.579827E+01  0.563978E+01  0.000000E+00  0.000000E+00  0.000000E+00  0.577016E+01
  0.254101E+03  0.303363E+01  0.289480E+01  0.000000E+00  0.000000E+00  0.000000E+00  0.300900E+01
