  0.714286E-04  0.131387E+08  0.131387E+08  0.172317E+08  0.172310E+08  0.000000E+00  0.131387E+08
  0.117766E-03  0.131361E+08  0.131361E+08  0.167462E+08  0.167444E+08  0.000000E+00  0.131361E+08
  0.194163E-03  0.131291E+08  0.131291E+08  0.154904E+08  0.154857E+08  0.000000E+00  0.131291E+08
  0.320121E-03  0.131106E+08  0.131105E+08  0.125097E+08  0.124990E+08  0.000000E+00  0.131106E+08
  0.527790E-03  0.130637E+08  0.130636E+08  0.694182E+07  0.692306E+07  0.000000E+00  0.130637E+08
  0.870178E-03  0.129566E+08  0.129565E+08  0.171627E+07  0.168725E+07  0.000000E+00  0.129565E+08
  0.143468E-02  0.127510E+08  0.127507E+08  0.699777E+06  0.667883E+06  0.000000E+00  0.127510E+08
  0.236539E-02  0.124052E+08  0.124044E+08  0.000000E+00  0.000000E+00  0.000000E+00  0.124050E+08
  0.389987E-02  0.118327E+08  0.118307E+08  0.000000E+00  0.000000E+00  0.000000E+00  0.118324E+08
  0.409982E-02  0.117585E+08  0.117562E+08  0.000000E+00  0.000000E+00  0.000000E+00  0.117581E+08
  0.431002E-02  0.116807E+08  0.116782E+08  0.000000E+00  0.000000E+00  0.000000E+00  0.116802E+08
  0.453100E-02  0.115991E+08  0.115964E+08  0.000000E+00  0.000000E+00  0.000000E+00  0.115986E+08
  0.476331E-02  0.115137E+08  0.115107E+08  0.000000E+00  0.000000E+00  0.000000E+00  0.115132E+08
  0.500753E-02  0.114244E+08  0.114210E+08  0.000000E+00  0.000000E+00  0.000000E+00  0.114238E+08
  0.526427E-02  0.113309E+08  0.113273E+08  0.000000E+00  0.000000E+00  0.000000E+00  0.113303E+08
  0.553418E-02  0.112333E+08  0.112293E+08  0.000000E+00  0.000000E+00  0.000000E+00  0.112326E+08
  0.581792E-02  0.111313E+08  0.111269E+08  0.000000E+00  0.000000E+00  0.000000E+00  0.111305E+08
  0.611621E-02  0.110249E+08  0.110201E+08  0.000000E+00  0.000000E+00  0.000000E+00  0.110241E+08
  0.642980E-02  0.109140E+08  0.109087E+08  0.000000E+00  0.000000E+00  0.000000E+00  0.109130E+08
  0.675946E-02  0.107984E+08  0.107926E+08  0.000000E+00  0.000000E+00  0.000000E+00  0.107973E+08
  0.710602E-02  0.106780E+08  0.106716E+08  0.000000E+00  0.000000E+00  0.000000E+00  0.106769E+08
  0.747036E-02  0.105527E+08  0.105457E+08  0.000000E+00  0.000000E+00  0.000000E+00  0.105515E+08
  0.785337E-02  0.104224E+08  0.104148E+08  0.000000E+00  0.000000E+00  0.000000E+00  0.104211E+08
  0.825602E-02  0.102871E+08  0.102787E+08  0.000000E+00  0.000000E+00  0.000000E+00  0.102856E+08
  0.867932E-02  0.101465E+08  0.101373E+08  0.000000E+00  0.000000E+00  0.000000E+00  0.101448E+08
  0.912431E-02  0.100006E+08  0.999058E+07  0.000000E+00  0.000000E+00  0.000000E+00  0.999879E+07
  0.959213E-02  0.984923E+07  0.983834E+07  0.000000E+00  0.000000E+00  0.000000E+00  0.984730E+07
  0.100839E-01  0.969239E+07  0.968049E+07  0.000000E+00  0.000000E+00  0.000000E+00  0.969028E+07
  0.106009E-01  0.952992E+07  0.951696E+07  0.000000E+00  0.000000E+00  0.000000E+00  0.952762E+07
  0.111445E-01  0.936176E+07  0.934763E+07  0.000000E+00  0.000000E+00  0.000000E+00  0.935925E+07
  0.117159E-01  0.918781E+07  0.917244E+07  0.000000E+00  0.000000E+00  0.000000E+00  0.918508E+07
  0.123165E-01  0.900799E+07  0.899129E+07  0.000000E+00  0.000000E+00  0.000000E+00  0.900503E+07
  0.129480E-01  0.882226E+07  0.880413E+07  0.000000E+00  0.000000E+00  0.000000E+00  0.881904E+07
  0.136119E-01  0.863057E+07  0.861092E+07  0.000000E+00  0.000000E+00  0.000000E+00  0.862708E+07
  0.143098E-01  0.843290E+07  0.841164E+07  0.000000E+00  0.000000E+00  0.000000E+00  0.842912E+07
  0.150434E-01  0.822925E+07  0.820629E+07  0.000000E+00  0.000000E+00  0.000000E+00  0.822518E+07
  0.158147E-01  0.801968E+07  0.799493E+07  0.000000E+00  0.000000E+00  0.000000E+00  0.801529E+07
  0.166256E-01  0.780428E+07  0.777765E+07  0.000000E+00  0.000000E+00  0.000000E+00  0.779955E+07
  0.174780E-01  0.758318E+07  0.755460E+07  0.000000E+00  0.000000E+00  0.000000E+00  0.757811E+07
  0.183741E-01  0.735659E+07  0.732600E+07  0.000000E+00  0.000000E+00  0.000000E+00  0.735117E+07
  0.193162E-01  0.712481E+07  0.709217E+07  0.000000E+00  0.000000E+00  0.000000E+00  0.711902E+07
  0.203065E-01  0.688821E+07  0.685348E+07  0.000000E+00  0.000000E+00  0.000000E+00  0.688205E+07
  0.213477E-01  0.664727E+07  0.661046E+07  0.000000E+00  0.000000E+00  0.000000E+00  0.664074E+07
  0.224422E-01  0.640260E+07  0.636374E+07  0.000000E+00  0.000000E+00  0.000000E+00  0.639571E+07
  0.235928E-01  0.615494E+07  0.611410E+07  0.000000E+00  0.000000E+00  0.000000E+00  0.614770E+07
  0.248025E-01  0.590519E+07  0.586247E+07  0.000000E+00  0.000000E+00  0.000000E+00  0.589761E+07
  0.260741E-01  0.565439E+07  0.560995E+07  0.000000E+00  0.000000E+00  0.000000E+00  0.564651E+07
  0.274110E-01  0.540378E+07  0.535783E+07  0.000000E+00  0.000000E+00  0.000000E+00  0.539563E+07
  0.288163E-01  0.515474E+07  0.510756E+07  0.000000E+00  0.000000E+00  0.000000E+00  0.514637E+07
  0.302938E-01  0.490886E+07  0.486077E+07  0.000000E+00  0.000000E+00  0.000000E+00  0.490033E+07
  0.318470E-01  0.466783E+07  0.461923E+07  0.000000E+00  0.000000E+00  0.000000E+00  0.465921E+07
  0.334798E-01  0.446477E+07  0.441609E+07  0.000000E+00  0.000000E+00  0.000000E+00  0.445613E+07
  0.351964E-01  0.423949E+07  0.419126E+07  0.000000E+00  0.000000E+00  0.000000E+00  0.423094E+07
  0.370009E-01  0.402330E+07  0.397606E+07  0.000000E+00  0.000000E+00  0.000000E+00  0.401492E+07
  0.388980E-01  0.381914E+07  0.377348E+07  0.000000E+00  0.000000E+00  0.000000E+00  0.381104E+07
  0.408923E-01  0.362871E+07  0.358520E+07  0.000000E+00  0.000000E+00  0.000000E+00  0.362099E+07
  0.429889E-01  0.343264E+07  0.339185E+07  0.000000E+00  0.000000E+00  0.000000E+00  0.342540E+07
  0.451930E-01  0.327082E+07  0.323325E+07  0.000000E+00  0.000000E+00  0.000000E+00  0.326415E+07
  0.475101E-01  0.312282E+07  0.308887E+07  0.000000E+00  0.000000E+00  0.000000E+00  0.311679E+07
  0.499460E-01  0.298725E+07  0.295718E+07  0.000000E+00  0.000000E+00  0.000000E+00  0.298192E+07
  0.525068E-01  0.287481E+07  0.284868E+07  0.000000E+00  0.000000E+00  0.000000E+00  0.287018E+07
  0.551989E-01  0.275916E+07  0.273685E+07  0.000000E+00  0.000000E+00  0.000000E+00  0.275520E+07
  0.591671E-01  0.260656E+07  0.258891E+07  0.000000E+00  0.000000E+00  0.000000E+00  0.260343E+07
  0.631354E-01  0.245680E+07  0.244239E+07  0.000000E+00  0.000000E+00  0.000000E+00  0.245424E+07
  0.671036E-01  0.231976E+07  0.230707E+07  0.000000E+00  0.000000E+00  0.000000E+00  0.231751E+07
  0.710719E-01  0.218186E+07  0.216956E+07  0.000000E+00  0.000000E+00  0.000000E+00  0.217968E+07
  0.750402E-01  0.204528E+07  0.203237E+07  0.000000E+00  0.000000E+00  0.000000E+00  0.204299E+07
  0.790084E-01  0.190556E+07  0.189148E+07  0.000000E+00  0.000000E+00  0.000000E+00  0.190306E+07
  0.829767E-01  0.177199E+07  0.175664E+07  0.000000E+00  0.000000E+00  0.000000E+00  0.176927E+07
  0.869449E-01  0.164979E+07  0.163344E+07  0.000000E+00  0.000000E+00  0.000000E+00  0.164689E+07
  0.909132E-01  0.154227E+07  0.152547E+07  0.000000E+00  0.000000E+00  0.000000E+00  0.153929E+07
  0.948814E-01  0.145071E+07  0.143413E+07  0.000000E+00  0.000000E+00  0.000000E+00  0.144777E+07
  0.988497E-01  0.137481E+07  0.135910E+07  0.000000E+00  0.000000E+00  0.000000E+00  0.137202E+07
  0.102818E+00  0.131311E+07  0.129881E+07  0.000000E+00  0.000000E+00  0.000000E+00  0.131058E+07
  0.106786E+00  0.126315E+07  0.125056E+07  0.000000E+00  0.000000E+00  0.000000E+00  0.126091E+07
  0.110754E+00  0.122148E+07  0.121068E+07  0.000000E+00  0.000000E+00  0.000000E+00  0.121956E+07
  0.114723E+00  0.118423E+07  0.117506E+07  0.000000E+00  0.000000E+00  0.000000E+00  0.118260E+07
  0.118691E+00  0.114790E+07  0.114004E+07  0.000000E+00  0.000000E+00  0.000000E+00  0.114650E+07
  0.122659E+00  0.111012E+07  0.110313E+07  0.000000E+00  0.000000E+00  0.000000E+00  0.110888E+07
  0.126627E+00  0.106980E+07  0.106322E+07  0.000000E+00  0.000000E+00  0.000000E+00  0.106863E+07
  0.130596E+00  0.102684E+07  0.102026E+07  0.000000E+00  0.000000E+00  0.000000E+00  0.102567E+07
  0.134564E+00  0.981848E+06  0.974984E+06  0.000000E+00  0.000000E+00  0.000000E+00  0.980630E+06
  0.138532E+00  0.936076E+06  0.928765E+06  0.000000E+00  0.000000E+00  0.000000E+00  0.934780E+06
  0.142500E+00  0.891343E+06  0.883570E+06  0.000000E+00  0.000000E+00  0.000000E+00  0.889964E+06
  0.146469E+00  0.849631E+06  0.841508E+06  0.000000E+00  0.000000E+00  0.000000E+00  0.848190E+06
  0.150437E+00  0.812441E+06  0.804167E+06  0.000000E+00  0.000000E+00  0.000000E+00  0.810973E+06
  0.154405E+00  0.780381E+06  0.772197E+06  0.000000E+00  0.000000E+00  0.000000E+00  0.778930E+06
  0.158373E+00  0.753261E+06  0.745399E+06  0.000000E+00  0.000000E+00  0.000000E+00  0.751867E+06
  0.162342E+00  0.730461E+06  0.723109E+06  0.000000E+00  0.000000E+00  0.000000E+00  0.729157E+06
  0.166310E+00  0.711167E+06  0.704442E+06  0.000000E+00  0.000000E+00  0.000000E+00  0.709974E+06
  0.170278E+00  0.694364E+06  0.688299E+06  0.000000E+00  0.000000E+00  0.000000E+00  0.693288E+06
  0.174247E+00  0.678834E+06  0.673382E+06  0.000000E+00  0.000000E+00  0.000000E+00  0.677867E+06
  0.178215E+00  0.663372E+06  0.658423E+06  0.000000E+00  0.000000E+00  0.000000E+00  0.662494E+06
  0.182183E+00  0.647107E+06  0.642513E+06  0.000000E+00  0.000000E+00  0.000000E+00  0.646292E+06
  0.186151E+00  0.629666E+06  0.625266E+06  0.000000E+00  0.000000E+00  0.000000E+00  0.628885E+06
  0.190120E+00  0.611089E+06  0.606738E+06  0.000000E+00  0.000000E+00  0.000000E+00  0.610317E+06
  0.194088E+00  0.591672E+06  0.587258E+06  0.000000E+00  0.000000E+00  0.000000E+00  0.590889E+06
  0.198056E+00  0.571882E+06  0.567342E+06  0.000000E+00  0.000000E+00  0.000000E+00  0.571076E+06
  0.202024E+00  0.552340E+06  0.547661E+06  0.000000E+00  0.000000E+00  0.000000E+00  0.551510E+06
  0.205993E+00  0.533735E+06  0.528947E+06  0.000000E+00  0.000000E+00  0.000000E+00  0.532886E+06
  0.218473E+00  0.486092E+06  0.481444E+06  0.000000E+00  0.000000E+00  0.000000E+00  0.485268E+06
  0.231710E+00  0.451808E+06  0.447952E+06  0.000000E+00  0.000000E+00  0.000000E+00  0.451124E+06
  0.245749E+00  0.420350E+06  0.417128E+06  0.000000E+00  0.000000E+00  0.000000E+00  0.419779E+06
  0.260638E+00  0.383370E+06  0.380198E+06  0.000000E+00  0.000000E+00  0.000000E+00  0.382808E+06
  0.276430E+00  0.347980E+06  0.344846E+06  0.000000E+00  0.000000E+00  0.000000E+00  0.347424E+06
  0.293178E+00  0.320753E+06  0.318034E+06  0.000000E+00  0.000000E+00  0.000000E+00  0.320271E+06
  0.310941E+00  0.295703E+06  0.293315E+06  0.000000E+00  0.000000E+00  0.000000E+00  0.295279E+06
  0.329781E+00  0.269057E+06  0.266749E+06  0.000000E+00  0.000000E+00  0.000000E+00  0.268648E+06
  0.349762E+00  0.246013E+06  0.243906E+06  0.000000E+00  0.000000E+00  0.000000E+00  0.245639E+06
  0.370953E+00  0.225933E+06  0.224066E+06  0.000000E+00  0.000000E+00  0.000000E+00  0.225602E+06
  0.393428E+00  0.205895E+06  0.204144E+06  0.000000E+00  0.000000E+00  0.000000E+00  0.205584E+06
  0.417265E+00  0.188173E+06  0.186586E+06  0.000000E+00  0.000000E+00  0.000000E+00  0.187892E+06
  0.442547E+00  0.171961E+06  0.170519E+06  0.000000E+00  0.000000E+00  0.000000E+00  0.171705E+06
  0.469360E+00  0.156751E+06  0.155424E+06  0.000000E+00  0.000000E+00  0.000000E+00  0.156515E+06
  0.497797E+00  0.143096E+06  0.141894E+06  0.000000E+00  0.000000E+00  0.000000E+00  0.142883E+06
  0.527958E+00  0.130388E+06  0.129288E+06  0.000000E+00  0.000000E+00  0.000000E+00  0.130193E+06
  0.559946E+00  0.118855E+06  0.117855E+06  0.000000E+00  0.000000E+00  0.000000E+00  0.118677E+06
  0.593872E+00  0.108235E+06  0.107324E+06  0.000000E+00  0.000000E+00  0.000000E+00  0.108074E+06
  0.629853E+00  0.985515E+05  0.977223E+05  0.000000E+00  0.000000E+00  0.000000E+00  0.984044E+05
  0.879031E+00  0.574572E+05  0.569740E+05  0.000000E+00  0.000000E+00  0.000000E+00  0.573715E+05
  0.122679E+01  0.331072E+05  0.328289E+05  0.000000E+00  0.000000E+00  0.000000E+00  0.330578E+05
  0.171212E+01  0.188841E+05  0.187254E+05  0.000000E+00  0.000000E+00  0.000000E+00  0.188560E+05
  0.238945E+01  0.106777E+05  0.105880E+05  0.000000E+00  0.000000E+00  0.000000E+00  0.106618E+05
  0.333475E+01  0.599201E+04  0.594164E+04  0.000000E+00  0.000000E+00  0.000000E+00  0.598308E+04
  0.465402E+01  0.334040E+04  0.331229E+04  0.000000E+00  0.000000E+00  0.000000E+00  0.333541E+04
  0.649521E+01  0.185143E+04  0.183582E+04  0.000000E+00  0.000000E+00  0.000000E+00  0.184866E+04
  0.906480E+01  0.102093E+04  0.101229E+04  0.000000E+00  0.000000E+00  0.000000E+00  0.101940E+04
  0.126509E+02  0.560415E+03  0.555634E+03  0.000000E+00  0.000000E+00  0.000000E+00  0.559567E+03
  0.176558E+02  0.306373E+03  0.303720E+03  0.000000E+00  0.000000E+00  0.000000E+00  0.305903E+03
  0.246407E+02  0.166871E+03  0.165383E+03  0.000000E+00  0.000000E+00  0.000000E+00  0.166607E+03
  0.343888E+02  0.905751E+02  0.897224E+02  0.000000E+00  0.000000E+00  0.000000E+00  0.904239E+02
  0.479935E+02  0.489983E+02  0.484896E+02  0.000000E+00  0.000000E+00  0.000000E+00  0.489080E+02
  0.669803E+02  0.264142E+02  0.260903E+02  0.000000E+00  0.000000E+00  0.000000E+00  0.263567E+02
  0.934785E+02  0.141820E+02  0.139569E+02  0.000000E+00  0.000000E+00  0.000000E+00  0.141421E+02
  0.130460E+03  0.757428E+01  0.740177E+01  0.000000E+00  0.000000E+00  0.000000E+00  0.754368E+01
  0.182071E+03  0.401412E+01  0.387084E+01  0.000000E+00  0.000000E+00  0.000000E+00  0.398870E+01
  0.254101E+03  0.210242E+01  0.197842E+01  0.000000E+00  0.000000E+00  0.000000E+00  0.208043E+01
